year,hour,obs,D1,D7,D30,D365
1973,0,117,104,120,141,
1973,1,122,105,120,141,
1973,2,122,107,120,141,
1973,3,122,108,120,141,
1973,4,122,110,120,141,
1973,5,128,112,120,141,
1973,6,128,114,120,141,
1973,7,133,116,121,141,
1973,8,128,118,121,141,
1973,9,122,120,121,141,
1973,10,117,121,121,140,
1973,11,117,122,122,140,
1973,12,117,124,122,140,
1973,13,117,125,122,140,
1973,14,122,125,122,140,
1973,15,117,126,122,140,
1973,16,133,126,122,140,
1973,17,139,126,121,140,
1973,18,139,126,121,140,
1973,19,144,126,121,140,
1973,20,150,126,121,140,
1973,21,133,126,120,140,
1973,22,128,127,120,139,
1973,23,122,127,120,139,
1974,0,150,158,129,122,121
1974,1,150,158,129,122,121
1974,2,139,157,129,122,121
1974,3,144,157,130,122,121
1974,4,133,156,130,122,121
1974,5,133,156,130,122,121
1974,6,133,156,130,122,121
1974,7,133,155,130,122,121
1974,8,144,155,131,122,121
1974,9,144,155,131,122,121
1974,10,139,155,131,122,121
1974,11,133,154,131,122,121
1974,12,144,155,131,122,121
1974,13,150,155,132,122,121
1974,14,167,155,132,122,121
1974,15,183,156,132,122,121
1974,16,200,156,132,123,121
1974,17,228,158,133,123,121
1974,18,233,160,133,123,121
1974,19,222,161,134,123,121
1974,20,200,162,134,123,121
1974,21,189,162,135,123,121
1974,22,200,164,135,123,121
1974,23,206,167,135,123,121
1975,0,61,47,133,155,124
1975,1,56,47,132,155,124
1975,2,50,48,131,155,124
1975,3,50,48,131,154,124
1975,4,44,48,130,154,124
1975,5,50,49,129,154,124
1975,6,67,51,129,154,124
1975,7,67,53,128,154,124
1975,8,72,55,128,154,124
1975,9,72,58,127,153,124
1975,10,78,61,126,153,124
1975,11,78,63,126,153,124
1975,12,83,66,125,153,124
1975,13,89,69,124,153,124
1975,14,94,71,124,153,124
1975,15,111,74,123,153,124
1975,16,117,76,123,153,124
1975,17,128,78,123,152,124
1975,18,139,81,122,152,124
1975,19,133,82,122,152,124
1975,20,139,84,122,152,124
1975,21,133,86,121,152,124
1975,22,133,88,121,152,124
1975,23,128,91,121,152,124
1976,0,128,119,77,116,120
1976,1,128,119,77,116,120
1976,2,111,120,77,115,120
1976,3,100,119,77,115,120
1976,4,89,119,76,115,120
1976,5,89,119,76,115,120
1976,6,78,119,76,115,120
1976,7,67,118,76,115,120
1976,8,56,116,75,115,120
1976,9,50,114,75,115,120
1976,10,44,111,75,115,120
1976,11,44,109,74,114,120
1976,12,39,106,74,114,120
1976,13,39,102,73,114,120
1976,14,50,98,73,114,120
1976,15,61,95,73,114,120
1976,16,78,93,72,114,120
1976,17,83,90,72,114,120
1976,18,72,88,72,114,120
1976,19,67,84,71,114,120
1976,20,67,81,71,113,120
1976,21,61,78,71,113,120
1976,22,50,74,70,113,120
1976,23,44,71,70,113,120
1977,0,100,74,126,121,108
1977,1,100,75,126,121,108
1977,2,100,76,126,121,108
1977,3,100,78,126,121,108
1977,4,100,81,126,121,108
1977,5,94,83,126,120,108
1977,6,78,85,126,120,108
1977,7,78,87,126,120,108
1977,8,83,90,126,120,108
1977,9,72,91,126,120,108
1977,10,67,93,125,120,108
1977,11,67,95,125,119,108
1977,12,67,96,125,119,108
1977,13,89,96,125,119,108
1977,14,111,97,125,119,108
1977,15,128,97,125,119,108
1977,16,128,98,125,119,108
1977,17,139,98,125,119,108
1977,18,144,99,125,119,108
1977,19,139,100,125,118,108
1977,20,133,101,124,118,108
1977,21,128,102,124,118,108
1977,22,122,103,124,118,108
1977,23,122,104,124,118,108
1978,0,128,121,129,140,115
1978,1,128,122,129,140,115
1978,2,117,122,129,140,115
1978,3,128,123,130,140,115
1978,4,117,123,130,140,115
1978,5,122,124,130,139,115
1978,6,111,124,130,139,115
1978,7,122,124,130,139,115
1978,8,117,125,130,139,115
1978,9,122,126,130,139,115
1978,10,117,127,130,139,115
1978,11,117,128,131,139,115
1978,12,117,130,131,139,115
1978,13,128,131,131,139,115
1978,14,144,132,131,139,115
1978,15,156,132,131,139,115
1978,16,167,133,131,139,115
1978,17,178,134,131,139,115
1978,18,178,134,132,139,115
1978,19,178,135,132,138,115
1978,20,178,136,132,138,115
1978,21,161,137,132,138,115
1978,22,139,137,132,138,115
1978,23,139,138,132,138,115
1979,0,89,89,82,124,119
1979,1,89,90,82,124,119
1979,2,72,89,82,124,119
1979,3,78,90,82,124,119
1979,4,72,90,82,124,119
1979,5,72,91,82,124,119
1979,6,61,91,82,123,119
1979,7,56,91,81,123,119
1979,8,56,91,81,123,119
1979,9,56,91,81,123,119
1979,10,56,91,81,123,119
1979,11,56,91,81,123,119
1979,12,61,91,81,123,119
1979,13,78,90,81,122,119
1979,14,117,92,81,122,119
1979,15,122,92,81,122,119
1979,16,139,91,81,122,119
1979,17,128,91,81,122,119
1979,18,133,90,81,122,119
1979,19,122,90,81,122,119
1979,20,122,90,81,122,119
1979,21,117,90,81,122,119
1979,22,111,90,81,121,119
1979,23,111,91,81,121,119
1980,0,122,84,96,133,123
1980,1,117,86,96,133,123
1980,2,111,89,96,133,123
1980,3,106,91,96,133,123
1980,4,111,94,96,133,123
1980,5,106,96,96,133,123
1980,6,100,98,96,133,123
1980,7,100,101,96,133,123
1980,8,100,104,96,133,123
1980,9,100,106,96,132,123
1980,10,100,107,96,132,123
1980,11,94,109,95,132,123
1980,12,94,110,95,132,123
1980,13,94,111,95,132,123
1980,14,117,113,95,132,123
1980,15,122,114,95,132,123
1980,16,128,115,95,132,123
1980,17,122,115,95,132,122
1980,18,122,115,94,131,122
1980,19,122,114,94,131,122
1980,20,111,112,94,131,122
1980,21,111,111,93,131,122
1980,22,106,110,93,131,122
1980,23,94,109,92,131,122
1981,0,89,103,121,125,121
1981,1,83,102,120,125,121
1981,2,89,101,120,124,121
1981,3,83,100,120,124,121
1981,4,78,99,121,124,121
1981,5,78,98,121,124,121
1981,6,83,97,121,124,121
1981,7,94,97,121,124,121
1981,8,89,96,121,124,121
1981,9,94,96,122,124,121
1981,10,94,96,122,124,121
1981,11,94,95,122,124,121
1981,12,94,95,122,124,121
1981,13,111,95,123,124,121
1981,14,122,96,123,124,121
1981,15,122,97,123,124,121
1981,16,122,98,123,124,121
1981,17,133,98,123,124,121
1981,18,133,99,123,123,121
1981,19,139,101,123,123,121
1981,20,133,101,123,123,121
1981,21,128,102,123,123,121
1981,22,128,104,123,123,121
1981,23,122,106,123,123,121
1982,0,150,153,124,142,118
1982,1,161,153,124,142,118
1982,2,156,153,125,142,118
1982,3,161,154,125,142,118
1982,4,150,155,126,141,118
1982,5,150,155,126,141,118
1982,6,144,156,127,141,118
1982,7,150,157,127,141,118
1982,8,150,158,127,141,118
1982,9,150,159,128,141,118
1982,10,156,159,128,141,118
1982,11,156,160,129,141,118
1982,12,156,161,129,141,118
1982,13,172,162,130,141,118
1982,14,183,163,131,141,118
1982,15,189,164,131,141,118
1982,16,200,165,132,141,118
1982,17,217,167,133,141,118
1982,18,228,169,134,141,118
1982,19,244,171,134,141,118
1982,20,250,174,135,142,118
1982,21,200,175,136,142,118
1982,22,183,175,137,142,118
1982,23,172,176,137,141,118
1983,0,100,90,107,148,135
1983,1,100,91,107,148,135
1983,2,100,92,107,148,135
1983,3,94,93,107,147,135
1983,4,89,93,107,147,135
1983,5,83,93,107,147,135
1983,6,83,94,107,147,135
1983,7,50,93,106,147,135
1983,8,44,93,106,147,135
1983,9,44,93,105,146,135
1983,10,28,92,105,146,135
1983,11,22,90,104,146,135
1983,12,28,89,104,146,135
1983,13,50,88,104,145,135
1983,14,94,88,104,145,135
1983,15,128,89,104,145,135
1983,16,139,89,104,145,135
1983,17,144,90,104,145,135
1983,18,150,91,104,145,135
1983,19,144,92,104,145,135
1983,20,144,92,104,145,135
1983,21,133,92,104,145,135
1983,22,117,92,104,144,135
1983,23,100,92,104,144,135
1984,0,183,174,177,165,126
1984,1,172,175,177,165,126
1984,2,161,175,177,165,126
1984,3,156,175,177,165,126
1984,4,150,175,177,165,126
1984,5,144,174,177,165,126
1984,6,150,174,177,165,126
1984,7,150,175,177,165,126
1984,8,150,175,177,165,126
1984,9,139,175,177,166,126
1984,10,133,176,177,166,126
1984,11,128,175,178,166,126
1984,12,133,174,178,166,126
1984,13,133,173,177,166,126
1984,14,150,172,177,166,126
1984,15,172,171,177,166,126
1984,16,178,170,177,166,126
1984,17,172,168,177,166,126
1984,18,167,166,177,166,126
1984,19,161,163,177,166,126
1984,20,161,161,176,166,126
1984,21,161,158,176,166,126
1984,22,161,157,176,166,126
1984,23,156,155,176,166,126
1985,0,106,108,125,148,129
1985,1,89,108,124,148,129
1985,2,83,107,124,147,129
1985,3,83,106,123,147,129
1985,4,94,106,123,147,129
1985,5,89,106,122,147,129
1985,6,78,106,122,147,129
1985,7,72,104,121,147,129
1985,8,61,103,120,147,129
1985,9,61,101,120,146,129
1985,10,61,100,119,146,129
1985,11,56,98,118,146,129
1985,12,61,97,118,146,129
1985,13,83,97,117,146,129
1985,14,106,97,116,146,129
1985,15,128,97,116,145,129
1985,16,128,97,115,145,129
1985,17,156,98,115,145,129
1985,18,161,99,115,145,129
1985,19,161,100,114,145,129
1985,20,156,101,114,145,129
1985,21,144,101,114,145,129
1985,22,122,102,113,145,129
1985,23,94,101,113,145,129
1986,0,83,73,117,139,122
1986,1,89,71,116,138,122
1986,2,100,71,116,138,122
1986,3,89,71,116,138,122
1986,4,94,72,116,138,122
1986,5,94,73,116,138,122
1986,6,106,75,117,138,122
1986,7,117,78,117,138,122
1986,8,117,81,117,138,122
1986,9,117,84,117,137,122
1986,10,117,88,118,137,122
1986,11,106,91,118,137,122
1986,12,111,94,118,137,122
1986,13,128,97,119,137,122
1986,14,139,101,119,137,122
1986,15,150,104,119,137,122
1986,16,150,106,119,137,122
1986,17,161,109,120,137,122
1986,18,156,111,120,137,122
1986,19,156,114,120,137,122
1986,20,150,116,120,136,122
1986,21,150,118,121,136,122
1986,22,150,121,121,136,122
1986,23,150,124,121,136,122
1987,0,117,131,110,122,121
1987,1,106,130,110,122,121
1987,2,100,129,109,122,121
1987,3,100,128,109,122,121
1987,4,78,126,109,122,121
1987,5,72,125,108,122,121
1987,6,67,123,108,121,121
1987,7,56,120,107,121,121
1987,8,56,118,107,121,121
1987,9,67,117,106,121,121
1987,10,50,114,106,121,121
1987,11,56,113,105,121,121
1987,12,50,110,105,121,121
1987,13,72,108,104,121,121
1987,14,100,106,104,121,121
1987,15,139,106,104,121,121
1987,16,150,106,104,121,121
1987,17,150,105,104,120,121
1987,18,150,104,104,120,121
1987,19,156,104,104,120,121
1987,20,150,103,104,120,121
1987,21,139,103,104,120,121
1987,22,133,102,104,120,121
1987,23,128,102,104,120,121
1988,0,56,44,84,112,118
1988,1,56,42,83,112,118
1988,2,61,43,83,112,118
1988,3,67,44,83,112,118
1988,4,67,45,82,112,118
1988,5,67,46,82,112,118
1988,6,50,47,82,111,118
1988,7,44,48,82,111,118
1988,8,50,49,81,111,118
1988,9,56,51,81,111,118
1988,10,61,52,81,111,118
1988,11,61,55,81,111,118
1988,12,61,58,81,111,118
1988,13,61,59,81,110,118
1988,14,72,60,81,110,118
1988,15,78,61,81,110,118
1988,16,83,62,80,110,118
1988,17,83,63,80,110,118
1988,18,89,64,80,109,118
1988,19,89,65,80,109,118
1988,20,89,66,80,109,118
1988,21,89,66,80,109,118
1988,22,89,68,80,109,118
1988,23,94,70,80,109,118
1989,0,172,174,160,143,123
1989,1,172,175,160,143,123
1989,2,172,176,161,143,123
1989,3,167,176,161,143,123
1989,4,172,176,162,143,123
1989,5,167,176,162,143,123
1989,6,167,176,162,143,123
1989,7,167,176,163,143,123
1989,8,161,175,163,143,123
1989,9,150,174,164,143,123
1989,10,139,173,164,143,123
1989,11,133,171,165,143,123
1989,12,133,170,165,142,123
1989,13,139,168,165,142,123
1989,14,139,166,165,142,123
1989,15,144,164,165,142,123
1989,16,150,162,164,142,123
1989,17,156,161,164,142,123
1989,18,156,159,164,142,123
1989,19,156,158,163,142,123
1989,20,156,158,163,142,123
1989,21,150,157,163,142,123
1989,22,144,156,163,142,123
1989,23,139,154,163,142,123
1990,0,106,121,99,163,122
1990,1,117,121,99,163,122
1990,2,94,120,99,163,122
1990,3,89,119,99,162,122
1990,4,94,119,99,162,122
1990,5,89,118,98,162,122
1990,6,83,117,98,162,122
1990,7,78,116,98,162,122
1990,8,72,115,98,162,122
1990,9,72,113,98,162,122
1990,10,72,112,98,162,122
1990,11,78,112,98,162,122
1990,12,94,112,98,162,122
1990,13,94,111,97,161,122
1990,14,117,111,97,161,122
1990,15,144,111,97,161,122
1990,16,144,111,97,161,122
1990,17,156,111,98,161,122
1990,18,167,111,98,161,122
1990,19,172,111,98,161,122
1990,20,172,112,98,161,122
1990,21,161,112,98,161,122
1990,22,150,114,98,161,122
1990,23,139,115,98,161,122
1991,0,128,123,131,145,135
1991,1,117,122,131,144,135
1991,2,117,121,130,144,135
1991,3,117,121,130,144,135
1991,4,117,120,130,144,135
1991,5,122,121,130,144,135
1991,6,117,121,130,144,135
1991,7,117,121,129,144,135
1991,8,111,121,129,144,135
1991,9,100,121,129,144,135
1991,10,100,121,129,144,135
1991,11,117,122,129,144,135
1991,12,128,123,128,143,135
1991,13,133,124,128,143,135
1991,14,139,125,128,143,135
1991,15,144,126,128,143,135
1991,16,144,126,128,143,135
1991,17,144,126,127,143,135
1991,18,139,126,127,143,135
1991,19,156,127,127,143,135
1991,20,156,127,127,143,135
1991,21,156,128,126,143,135
1991,22,139,129,126,142,135
1991,23,139,129,126,142,135
1992,0,83,77,98,125,118
1992,1,83,77,97,125,118
1992,2,83,76,97,125,118
1992,3,78,75,97,125,118
1992,4,78,75,96,125,118
1992,5,78,75,96,125,118
1992,6,78,75,96,124,118
1992,7,78,75,96,124,118
1992,8,72,75,96,124,118
1992,9,72,76,96,124,118
1992,10,67,76,96,124,118
1992,11,61,75,95,124,118
1992,12,61,75,95,124,118
1992,13,61,75,95,124,118
1992,14,72,75,95,124,118
1992,15,83,76,95,124,118
1992,16,83,76,95,124,118
1992,17,100,78,95,124,118
1992,18,100,79,95,124,118
1992,19,100,79,95,123,118
1992,20,89,80,95,123,118
1992,21,78,79,95,123,118
1992,22,72,79,95,123,118
1992,23,72,78,95,123,118
1993,0,89,73,118,132,123
1993,1,94,73,118,132,123
1993,2,106,74,118,132,123
1993,3,133,76,118,132,123
1993,4,128,78,118,132,123
1993,5,94,78,118,132,123
1993,6,83,79,117,132,123
1993,7,72,79,117,132,123
1993,8,67,79,117,131,123
1993,9,61,78,117,131,123
1993,10,61,78,116,131,123
1993,11,61,78,116,131,123
1993,12,61,78,116,131,123
1993,13,61,79,115,131,123
1993,14,61,79,115,131,123
1993,15,56,78,114,131,123
1993,16,56,78,113,130,123
1993,17,67,78,112,130,123
1993,18,56,77,111,130,123
1993,19,67,77,111,130,123
1993,20,67,76,110,130,123
1993,21,67,76,109,129,123
1993,22,61,75,108,129,123
1993,23,56,74,108,129,123
1994,0,167,145,130,139,118
1994,1,161,146,130,139,118
1994,2,161,147,130,139,118
1994,3,161,147,130,139,118
1994,4,161,148,130,139,118
1994,5,167,149,130,139,118
1994,6,167,151,130,139,118
1994,7,167,153,131,139,118
1994,8,167,156,131,139,118
1994,9,172,159,131,139,118
1994,10,167,163,131,139,118
1994,11,161,166,132,139,118
1994,12,156,169,132,139,118
1994,13,161,170,132,139,118
1994,14,161,170,132,139,118
1994,15,167,170,132,139,118
1994,16,167,169,132,139,118
1994,17,167,168,132,139,118
1994,18,167,167,132,139,118
1994,19,178,167,132,139,118
1994,20,178,166,132,139,118
1994,21,178,167,132,139,118
1994,22,172,167,132,139,118
1994,23,167,167,133,139,118
1995,0,122,118,137,167,133
1995,1,133,119,136,167,133
1995,2,128,119,136,167,133
1995,3,133,119,136,167,133
1995,4,128,119,135,167,133
1995,5,128,119,135,167,133
1995,6,122,119,135,166,133
1995,7,122,119,134,166,133
1995,8,117,119,134,166,133
1995,9,117,120,134,166,133
1995,10,111,120,134,166,133
1995,11,106,121,133,166,133
1995,12,106,121,133,166,133
1995,13,122,122,133,166,133
1995,14,133,124,133,166,133
1995,15,144,126,133,166,133
1995,16,156,128,133,166,133
1995,17,161,129,133,166,133
1995,18,161,130,133,165,133
1995,19,150,131,133,165,133
1995,20,144,131,133,165,133
1995,21,139,131,132,165,133
1995,22,144,131,132,165,133
1995,23,144,132,132,165,133
1996,0,128,135,135,133,112
1996,1,128,134,135,132,112
1996,2,125,133,135,132,112
1996,3,120,131,135,132,112
1996,4,111,130,135,132,112
1996,5,106,128,135,132,112
1996,6,106,127,135,132,112
1996,7,97,126,135,132,112
1996,8,92,124,134,132,112
1996,9,89,124,134,132,112
1996,10,83,123,134,132,112
1996,11,83,122,134,132,112
1996,12,83,121,134,132,112
1996,13,89,119,133,132,112
1996,14,89,118,133,131,112
1996,15,86,116,133,131,112
1996,16,76,113,132,131,112
1996,17,60,109,131,131,112
1996,18,56,106,130,131,112
1996,19,50,101,130,130,112
1996,20,50,97,129,130,112
1996,21,53,93,128,130,112
1996,22,56,90,127,130,112
1996,23,56,86,127,130,112
1997,0,161,122,109,144,121
1997,1,161,124,110,144,121
1997,2,164,125,110,144,121
1997,3,164,128,110,144,121
1997,4,160,131,110,144,121
1997,5,170,134,111,144,121
1997,6,172,138,111,145,121
1997,7,172,142,111,145,121
1997,8,172,146,112,145,121
1997,9,172,151,112,145,121
1997,10,175,156,113,145,121
1997,11,178,161,113,145,121
1997,12,178,165,113,145,121
1997,13,174,169,114,145,121
1997,14,170,170,114,146,121
1997,15,168,170,114,146,121
1997,16,168,170,114,146,121
1997,17,167,169,115,146,121
1997,18,167,169,115,146,121
1997,19,167,168,115,146,121
1997,20,167,168,116,146,121
1997,21,167,168,116,146,121
1997,22,164,168,117,146,121
1997,23,170,169,117,146,121
1998,0,111,101,122,140,129
1998,1,103,101,121,140,129
1998,2,97,101,121,140,129
1998,3,92,101,121,140,129
1998,4,86,102,121,140,129
1998,5,80,102,120,140,129
1998,6,78,102,120,139,129
1998,7,80,103,120,139,129
1998,8,75,103,120,139,129
1998,9,70,103,120,139,129
1998,10,67,103,119,139,129
1998,11,70,103,119,139,129
1998,12,72,104,119,139,129
1998,13,100,104,119,139,129
1998,14,114,104,118,139,129
1998,15,120,104,118,139,129
1998,16,122,104,117,139,129
1998,17,122,104,117,139,129
1998,18,128,103,117,139,129
1998,19,128,102,116,139,129
1998,20,133,101,116,139,129
1998,21,133,101,115,138,129
1998,22,122,101,115,138,129
1998,23,117,101,115,138,129
1999,0,183,135,109,129,129
1999,1,175,137,109,129,129
1999,2,180,139,110,129,129
1999,3,178,142,111,129,129
1999,4,175,144,111,129,129
1999,5,174,146,112,129,129
1999,6,167,148,112,129,129
1999,7,156,150,113,129,129
1999,8,147,152,113,129,129
1999,9,142,154,114,129,129
1999,10,134,156,114,129,129
1999,11,129,157,115,129,129
1999,12,133,159,115,129,129
1999,13,144,161,115,129,129
1999,14,156,163,116,129,129
1999,15,178,166,116,129,129
1999,16,183,167,117,129,129
1999,17,203,169,117,129,129
1999,18,200,170,118,129,129
1999,19,172,169,118,129,129
1999,20,158,167,118,129,129
1999,21,150,166,118,129,129
1999,22,136,164,118,128,129
1999,23,124,161,118,128,129
2000,0,111,89,108,135,121
2000,1,108,91,108,135,121
2000,2,103,93,108,135,121
2000,3,94,95,107,135,121
2000,4,84,96,107,135,121
2000,5,69,96,107,135,121
2000,6,61,96,106,135,121
2000,7,61,96,106,135,121
2000,8,61,96,106,134,121
2000,9,61,95,105,134,121
2000,10,61,95,105,134,121
2000,11,60,95,105,134,121
2000,12,61,94,104,134,121
2000,13,84,94,104,134,121
2000,14,98,95,103,134,121
2000,15,111,95,103,134,121
2000,16,122,96,102,134,121
2000,17,129,96,102,134,121
2000,18,133,95,102,133,121
2000,19,142,96,101,133,121
2000,20,136,96,101,133,121
2000,21,130,96,101,133,121
2000,22,122,97,101,133,121
2000,23,114,97,100,133,121
2001,0,139,92,112,141,119
2001,1,139,94,112,141,119
2001,2,136,96,111,141,119
2001,3,130,98,111,141,119
2001,4,130,100,111,141,119
2001,5,132,103,111,141,119
2001,6,128,105,110,141,119
2001,7,111,108,110,141,119
2001,8,103,110,110,141,119
2001,9,97,112,109,141,119
2001,10,97,114,109,141,119
2001,11,100,116,108,141,119
2001,12,100,118,108,141,119
2001,13,128,120,107,141,119
2001,14,138,122,107,141,119
2001,15,150,124,106,141,119
2001,16,158,126,106,141,119
2001,17,166,128,105,140,119
2001,18,167,130,105,140,119
2001,19,170,132,104,140,119
2001,20,164,133,104,140,119
2001,21,156,134,104,140,119
2001,22,150,135,104,140,119
2001,23,145,135,103,140,119
2002,0,67,54,83,130,135
2002,1,56,55,83,130,135
2002,2,58,56,83,130,135
2002,3,64,57,83,129,135
2002,4,64,59,83,129,135
2002,5,60,60,83,129,135
2002,6,56,61,82,129,135
2002,7,44,61,82,129,135
2002,8,42,61,82,128,135
2002,9,38,61,82,128,135
2002,10,36,62,82,128,135
2002,11,40,62,81,128,135
2002,12,39,62,81,128,135
2002,13,62,63,81,127,135
2002,14,75,64,81,127,135
2002,15,86,65,81,127,135
2002,16,92,66,81,127,135
2002,17,97,66,81,126,135
2002,18,100,67,81,126,135
2002,19,94,66,81,126,135
2002,20,94,66,81,126,135
2002,21,89,66,81,125,135
2002,22,72,66,81,125,135
2002,23,60,66,81,125,135
2003,0,144,126,128,130,111
2003,1,142,128,128,130,111
2003,2,139,129,129,130,111
2003,3,134,130,129,130,111
2003,4,128,131,130,130,111
2003,5,124,131,131,130,111
2003,6,122,132,131,130,111
2003,7,122,133,132,130,111
2003,8,122,135,132,130,111
2003,9,117,137,133,130,111
2003,10,120,139,133,130,111
2003,11,126,140,134,130,111
2003,12,128,142,135,130,111
2003,13,144,142,135,130,111
2003,14,158,142,135,130,111
2003,15,172,143,135,130,111
2003,16,189,144,136,130,111
2003,17,195,145,136,130,111
2003,18,194,146,136,130,111
2003,19,197,147,137,130,111
2003,20,197,148,137,131,111
2003,21,183,149,137,131,111
2003,22,166,150,137,131,111
2003,23,160,151,138,131,111
2004,0,206,181,131,136,120
2004,1,192,182,132,136,120
2004,2,176,183,132,136,120
2004,3,167,184,132,136,120
2004,4,158,184,133,136,120
2004,5,153,184,133,136,120
2004,6,150,184,133,136,120
2004,7,138,183,134,136,120
2004,8,132,183,134,136,120
2004,9,133,182,134,136,120
2004,10,130,181,134,136,120
2004,11,124,180,135,136,120
2004,12,122,179,135,136,120
2004,13,142,178,135,135,120
2004,14,147,176,135,135,120
2004,15,150,174,135,135,120
2004,16,158,172,135,135,120
2004,17,160,169,136,135,120
2004,18,161,167,136,135,120
2004,19,158,163,136,135,120
2004,20,155,160,136,135,120
2004,21,156,158,136,135,120
2004,22,136,155,136,135,120
2004,23,126,151,136,135,120
2005,0,120,123,88,142,124
2005,1,117,123,89,142,124
2005,2,117,122,89,142,124
2005,3,117,122,89,142,124
2005,4,114,123,89,142,124
2005,5,106,123,89,142,124
2005,6,100,124,89,142,124
2005,7,92,124,89,141,124
2005,8,94,124,89,141,124
2005,9,92,125,89,141,124
2005,10,94,126,89,141,124
2005,11,103,127,89,141,124
2005,12,106,128,89,141,124
2005,13,128,129,89,141,124
2005,14,138,129,89,141,124
2005,15,144,129,89,141,124
2005,16,162,129,90,141,124
2005,17,170,129,90,141,124
2005,18,172,128,91,141,124
2005,19,164,127,91,141,124
2005,20,156,126,92,140,124
2005,21,147,125,92,140,124
2005,22,142,126,92,140,124
2005,23,142,126,93,140,124
2006,0,144,125,100,134,126
2006,1,147,127,100,134,126
2006,2,147,128,101,134,126
2006,3,144,129,101,134,126
2006,4,142,131,101,134,126
2006,5,142,132,102,134,126
2006,6,144,134,102,134,126
2006,7,136,136,103,134,126
2006,8,144,138,103,134,126
2006,9,156,141,104,134,126
2006,10,138,143,104,134,126
2006,11,133,144,105,134,126
2006,12,133,146,105,134,126
2006,13,158,148,105,134,126
2006,14,180,150,106,134,126
2006,15,189,152,106,134,126
2006,16,197,154,107,134,126
2006,17,195,155,107,134,126
2006,18,189,156,107,134,126
2006,19,188,157,108,134,126
2006,20,183,158,108,134,126
2006,21,172,158,109,134,126
2006,22,156,159,109,134,126
2006,23,158,159,109,134,126
2007,0,150,128,126,171,129
2007,1,150,130,127,171,129
2007,2,147,131,127,171,129
2007,3,144,132,127,171,129
2007,4,142,134,127,171,129
2007,5,136,135,127,171,129
2007,6,133,136,127,171,129
2007,7,128,138,127,171,129
2007,8,130,139,127,171,129
2007,9,133,140,127,171,129
2007,10,139,142,127,171,129
2007,11,139,144,128,171,129
2007,12,139,146,128,171,129
2007,13,147,147,128,171,129
2007,14,158,147,128,171,129
2007,15,167,148,128,171,129
2007,16,170,149,129,171,129
2007,17,180,149,129,170,129
2007,18,183,150,129,170,129
2007,19,189,151,130,170,129
2007,20,175,151,130,170,129
2007,21,161,152,130,170,129
2007,22,148,152,130,170,129
2007,23,134,151,130,170,129
2008,0,122,94,104,131,125
2008,1,114,96,104,131,125
2008,2,117,98,104,131,125
2008,3,117,100,104,131,125
2008,4,114,103,104,131,125
2008,5,111,105,104,131,125
2008,6,111,108,104,131,125
2008,7,103,110,104,131,125
2008,8,94,111,104,131,125
2008,9,89,113,103,131,125
2008,10,89,115,103,131,125
2008,11,92,117,102,131,125
2008,12,94,118,102,131,125
2008,13,116,120,102,131,125
2008,14,133,121,101,130,125
2008,15,144,122,101,130,125
2008,16,180,124,101,130,125
2008,17,194,126,101,131,125
2008,18,194,128,101,131,125
2008,19,186,129,101,131,125
2008,20,183,130,101,131,125
2008,21,183,131,101,131,125
2008,22,162,132,101,131,125
2008,23,153,133,101,131,125
2009,0,172,164,130,133,119
2009,1,171,165,130,133,119
2009,2,171,167,130,133,119
2009,3,172,168,130,133,119
2009,4,147,168,130,133,119
2009,5,150,168,129,133,119
2009,6,150,169,129,133,120
2009,7,147,169,129,133,120
2009,8,142,169,129,133,120
2009,9,139,168,129,134,120
2009,10,122,167,129,134,120
2009,11,114,165,129,134,120
2009,12,111,163,129,134,120
2009,13,114,161,129,134,120
2009,14,120,158,129,134,120
2009,15,122,156,129,134,120
2009,16,125,153,129,134,120
2009,17,128,150,128,134,120
2009,18,128,147,128,133,120
2009,19,133,145,128,133,119
2009,20,133,143,128,133,119
2009,21,133,141,127,133,119
2009,22,117,139,127,133,119
2009,23,117,137,127,133,119
2010,0,89,114,151,145,136
2010,1,80,113,151,145,136
2010,2,72,111,151,145,136
2010,3,67,110,150,145,136
2010,4,62,108,150,145,136
2010,5,53,105,149,145,136
2010,6,50,103,149,145,136
2010,7,44,100,148,144,136
2010,8,36,98,148,144,136
2010,9,33,95,147,144,136
2010,10,33,93,147,144,136
2010,11,33,90,146,144,136
2010,12,33,88,146,144,136
2010,13,42,84,145,144,136
2010,14,52,81,144,143,136
2010,15,61,77,143,143,136
2010,16,75,74,143,143,136
2010,17,84,71,142,143,136
2010,18,89,69,141,143,136
2010,19,94,67,141,143,136
2010,20,94,66,140,143,136
2010,21,94,65,140,143,136
2010,22,78,64,139,142,136
2010,23,72,63,138,142,136
2011,0,106,69,86,144,125
2011,1,89,70,86,144,125
2011,2,80,71,86,144,125
2011,3,78,71,85,144,125
2011,4,75,72,85,144,125
2011,5,78,74,84,144,125
2011,6,78,76,84,144,125
2011,7,78,78,84,143,125
2011,8,78,81,83,143,125
2011,9,78,83,83,143,125
2011,10,83,86,83,143,125
2011,11,83,89,83,143,125
2011,12,83,92,83,143,125
2011,13,92,93,82,143,125
2011,14,106,94,82,143,125
2011,15,117,95,82,143,125
2011,16,125,95,82,143,125
2011,17,128,96,82,143,125
2011,18,130,96,81,143,125
2011,19,130,97,81,143,125
2011,20,125,97,81,143,125
2011,21,122,98,80,143,125
2011,22,106,98,80,142,125
2011,23,94,98,80,142,125
2012,0,94,91,142,151,142
2012,1,89,91,142,150,142
2012,2,86,90,142,150,142
2012,3,83,90,141,150,142
2012,4,83,89,141,150,142
2012,5,80,89,140,150,142
2012,6,78,89,140,150,142
2012,7,78,89,140,150,142
2012,8,75,89,139,150,142
2012,9,72,88,139,149,142
2012,10,75,88,139,149,142
2012,11,72,88,139,149,142
2012,12,72,88,138,149,142
2012,13,86,88,138,149,142
2012,14,94,88,137,149,142
2012,15,100,88,137,148,142
2012,16,103,88,137,148,142
2012,17,108,89,136,148,142
2012,18,111,89,136,148,142
2012,19,111,90,136,148,142
2012,20,108,90,135,148,142
2012,21,106,90,135,148,142
2012,22,100,90,135,148,142
2012,23,97,90,134,148,142
2013,0,172,152,107,152,125
2013,1,172,153,107,152,125
2013,2,170,154,108,152,125
2013,3,167,156,108,152,125
2013,4,167,158,109,152,125
2013,5,168,161,110,152,125
2013,6,167,162,110,152,125
2013,7,170,164,111,152,125
2013,8,172,165,112,152,125
2013,9,175,167,112,152,125
2013,10,178,169,113,152,125
2013,11,178,171,114,152,125
2013,12,180,172,115,152,125
2013,13,180,173,116,152,125
2013,14,182,173,116,152,125
2013,15,172,173,117,152,125
2013,16,172,172,117,152,125
2013,17,180,173,118,152,125
2013,18,183,174,118,151,125
2013,19,192,174,118,151,125
2013,20,186,175,119,151,125
2013,21,183,175,119,151,125
2013,22,175,176,119,151,125
2013,23,167,175,120,151,125
2014,0,122,103,140,155,120
2014,1,116,104,140,155,120
2014,2,110,104,140,155,120
2014,3,106,105,140,155,120
2014,4,97,106,140,155,120
2014,5,94,106,140,155,120
2014,6,94,107,140,155,120
2014,7,94,107,140,155,120
2014,8,92,108,140,155,120
2014,9,89,108,139,155,120
2014,10,86,108,139,154,120
2014,11,83,108,139,154,120
2014,12,83,108,139,154,120
2014,13,75,107,139,154,120
2014,14,72,105,138,154,120
2014,15,72,104,138,154,120
2014,16,72,101,137,154,120
2014,17,75,99,136,153,120
2014,18,78,97,136,153,120
2014,19,78,95,135,153,120
2014,20,78,93,134,153,120
2014,21,78,91,134,153,120
2014,22,75,89,133,153,120
2014,23,72,87,133,153,120
2015,0,117,93,135,143,125
2015,1,117,94,135,143,125
2015,2,117,94,135,143,125
2015,3,117,94,135,143,125
2015,4,125,96,135,143,125
2015,5,125,97,135,143,125
2015,6,122,99,135,143,125
2015,7,128,102,134,143,125
2015,8,128,105,134,143,125
2015,9,128,108,134,143,125
2015,10,136,111,134,143,125
2015,11,139,115,134,143,125
2015,12,139,118,134,143,125
2015,13,153,121,134,143,125
2015,14,156,123,134,143,125
2015,15,156,125,134,143,125
2015,16,167,128,134,143,125
2015,17,170,130,134,143,125
2015,18,172,132,134,143,125
2015,19,172,135,134,143,125
2015,20,172,137,133,144,125
2015,21,172,140,133,144,125
2015,22,158,142,133,144,125
2015,23,156,143,133,144,125
2016,0,94,113,109,148,143
2016,1,84,110,109,148,143
2016,2,80,107,109,148,143
2016,3,83,105,109,147,143
2016,4,70,102,109,147,143
2016,5,67,99,109,147,143
2016,6,67,97,108,147,143
2016,7,53,95,108,147,143
2016,8,50,93,108,147,143
2016,9,50,91,108,147,143
2016,10,44,90,107,147,143
2016,11,50,88,107,146,143
2016,12,56,87,107,146,143
2016,13,92,87,107,146,143
2016,14,117,88,107,146,143
2016,15,128,89,107,146,143
2016,16,142,91,107,146,142
2016,17,142,91,108,146,142
2016,18,139,92,108,146,142
2016,19,144,93,108,146,142
2016,20,142,93,108,146,142
2016,21,139,93,108,146,142
2016,22,130,94,108,146,142
2016,23,130,95,109,146,142
2017,0,111,117,144,172,136
2017,1,103,117,143,172,136
2017,2,97,116,143,172,136
2017,3,94,115,142,172,136
2017,4,72,113,142,172,136
2017,5,67,112,141,172,136
2017,6,67,110,140,172,136
2017,7,50,108,139,172,136
2017,8,44,105,139,171,136
2017,9,39,103,138,171,136
2017,10,50,100,137,171,136
2017,11,56,99,137,171,136
2017,12,56,97,136,171,136
2017,13,92,97,136,171,136
2017,14,108,96,136,171,136
2017,15,117,96,135,171,136
2017,16,130,96,135,171,136
2017,17,138,95,135,171,136
2017,18,144,95,135,170,136
2017,19,139,95,134,170,136
2017,20,136,95,134,170,136
2017,21,133,95,134,170,136
2017,22,125,95,134,170,136
2017,23,122,95,133,170,136
2018,0,144,106,94,142,124
2018,1,139,108,95,142,124
2018,2,136,109,95,142,124
2018,3,133,111,95,141,124
2018,4,136,113,96,141,124
2018,5,139,116,96,141,124
2018,6,139,119,96,141,124
2018,7,136,123,97,141,124
2018,8,130,127,97,141,124
2018,9,128,131,98,141,124
2018,10,114,134,98,141,124
2018,11,114,137,98,141,124
2018,12,117,140,99,141,124
2018,13,144,142,99,141,124
2018,14,156,143,100,140,124
2018,15,161,144,100,140,124
2018,16,175,144,100,140,124
2018,17,178,144,101,140,124
2018,18,183,145,101,140,124
2018,19,175,145,102,140,124
2018,20,170,146,102,140,124
2018,21,167,146,102,140,124
2018,22,164,147,103,140,124
2018,23,161,147,103,140,124
2019,0,189,177,151,152,127
2019,1,194,178,152,152,127
2019,2,194,179,152,152,127
2019,3,194,181,152,152,127
2019,4,197,182,153,152,127
2019,5,180,183,153,152,127
2019,6,150,183,153,152,127
2019,7,111,181,153,152,127
2019,8,100,178,153,152,127
2019,9,94,175,153,151,127
2019,10,84,172,153,151,127
2019,11,78,167,153,151,127
2019,12,78,163,153,151,127
2019,13,92,160,153,151,127
2019,14,106,156,153,150,127
2019,15,111,153,152,150,127
2019,16,125,150,152,150,127
2019,17,134,148,152,150,127
2019,18,139,146,152,149,127
2019,19,139,144,152,149,127
2019,20,134,141,152,149,127
2019,21,128,139,151,149,127
2019,22,114,136,151,148,127
2019,23,106,132,151,148,127
2020,0,72,42,103,145,130
2020,1,72,44,103,145,130
2020,2,75,46,103,145,130
2020,3,78,48,102,145,130
2020,4,67,50,102,145,130
2020,5,72,52,102,145,130
2020,6,78,54,102,144,130
2020,7,72,57,102,144,130
2020,8,75,59,102,144,130
2020,9,78,62,102,144,130
2020,10,92,65,102,144,130
2020,11,100,69,102,144,130
2020,12,106,73,102,144,130
2020,13,122,77,102,144,130
2020,14,134,80,103,144,130
2020,15,139,83,103,144,130
2020,16,136,86,103,144,130
2020,17,128,88,103,144,130
2020,18,122,90,103,144,130
2020,19,128,92,103,144,130
2020,20,129,95,103,143,130
2020,21,128,97,104,143,130
2020,22,128,100,104,143,130
2020,23,128,102,104,143,130
2021,0,167,154,149,171,133
2021,1,153,154,149,171,133
2021,2,150,154,149,171,133
2021,3,150,154,149,171,133
2021,4,139,154,149,171,133
2021,5,134,154,149,171,133
2021,6,128,154,149,171,133
2021,7,128,153,148,171,133
2021,8,128,153,148,171,133
2021,9,128,152,148,171,133
2021,10,122,151,147,171,133
2021,11,125,151,147,171,133
2021,12,128,150,147,171,133
2021,13,142,150,146,171,133
2021,14,153,151,146,171,133
2021,15,156,151,146,171,133
2021,16,158,151,145,171,133
2021,17,161,150,145,171,133
2021,18,161,149,145,171,133
2021,19,161,149,144,171,133
2021,20,156,148,144,171,133
2021,21,150,147,144,170,133
2021,22,136,145,143,170,133
2021,23,128,143,143,170,133
2022,0,161,136,141,140,131
2022,1,156,138,141,140,131
2022,2,156,140,141,140,131
2022,3,156,143,141,140,131
2022,4,150,144,141,140,131
2022,5,150,145,141,140,131
2022,6,150,146,141,140,131
2022,7,153,147,141,140,131
2022,8,153,149,141,140,131
2022,9,150,150,140,140,131
2022,10,155,153,140,140,131
2022,11,156,155,140,140,131
2022,12,156,157,140,140,131
2022,13,163,158,140,141,131
2022,14,167,159,140,141,131
2022,15,167,159,140,141,131
2022,16,178,160,139,141,131
2022,17,186,160,139,141,131
2022,18,189,161,139,141,131
2022,19,206,162,139,141,131
2022,20,205,164,139,141,131
2022,21,206,166,139,141,131
2022,22,188,167,139,141,131
2022,23,183,168,139,141,131
