year,hour,obs,D1,D7,D30,D365
1945,0,-31,6,34,,
1945,1,-37,5,34,,
1945,2,-31,4,33,,
1945,3,-20,2,33,,
1945,4,-4,2,33,,
1945,5,8,1,32,,
1945,6,8,0,32,,
1945,7,8,-1,32,,
1945,8,24,-1,31,,
1945,9,35,-1,31,72,
1945,10,8,-1,30,71,
1945,11,-9,-2,30,71,
1945,12,-20,-2,30,71,
1945,13,-31,-4,29,71,
1945,14,-31,-6,29,71,
1945,15,-37,-8,29,71,
1945,16,-42,-10,28,71,
1945,17,-48,-13,28,71,
1945,18,-48,-15,27,70,
1945,19,-53,-17,27,70,
1945,20,-59,-19,27,70,
1945,21,-65,-21,26,70,
1945,22,-59,-23,26,69,
1945,23,-65,-25,26,69,
1946,0,-42,,,,
1946,1,-48,,,,
1946,2,-31,,,,
1946,3,-9,,,,
1946,4,-4,,,,
1946,5,2,,,,
1946,6,13,,,,
1946,7,13,,,,
1946,8,13,,,,
1946,9,13,,,,
1946,10,2,,,,
1946,11,-20,,,,
1946,12,-26,,,,
1946,13,,,,,
1946,14,,,,,
1946,15,,,,,
1946,16,,,,,
1946,17,,,,,
1946,18,,,,,
1946,19,,,,,
1946,20,,,,,
1946,21,,,,,
1946,22,-81,,,,
1946,23,-70,,,,
1947,0,,,,,
1947,1,,,,,
1947,2,,,,,
1947,3,,,,,
1947,4,,,,,
1947,5,,,,,
1947,6,,,,,
1947,7,,,,,
1947,8,,,,,
1947,9,,,,,
1947,10,,,,,
1947,11,,,,,
1947,12,,,,,
1947,13,,,,,
1947,14,,,,,
1947,15,,,,,
1947,16,,,,,
1947,17,,,,,
1947,18,,,,,
1947,19,,,,,
1947,20,,,,,
1947,21,,,,,
1947,22,,,,,
1947,23,,,,,
1948,0,,,,,
1948,1,,,,,
1948,2,,,,,
1948,3,,,,,
1948,4,,,,,
1948,5,,,,,
1948,6,,,,,
1948,7,,,,,
1948,8,,,,,
1948,9,,,,,
1948,10,,,,,
1948,11,,,,,
1948,12,,,,,
1948,13,,,,,
1948,14,,,,,
1948,15,,,,,
1948,16,,,,,
1948,17,,,,,
1948,18,,,,,
1948,19,,,,,
1948,20,,,,,
1948,21,,,,,
1948,22,,,,,
1948,23,,,,,
1949,0,,,,,
1949,1,,,,,
1949,2,,,,,
1949,3,,,,,
1949,4,,,,,
1949,5,,,,,
1949,6,,,,,
1949,7,,,,,
1949,8,,,,,
1949,9,,,,,
1949,10,,,,,
1949,11,,,,,
1949,12,,,,,
1949,13,,,,,
1949,14,,,,,
1949,15,,,,,
1949,16,,,,,
1949,17,,,,,
1949,18,,,,,
1949,19,,,,,
1949,20,,,,,
1949,21,,,,,
1949,22,,,,,
1949,23,,,,,
1950,0,,,,,
1950,1,,,,,
1950,2,,,,,
1950,3,,,,,
1950,4,,,,,
1950,5,,,,,
1950,6,,,,,
1950,7,,,,,
1950,8,,,,,
1950,9,,,,,
1950,10,,,,,
1950,11,,,,,
1950,12,,,,,
1950,13,,,,,
1950,14,,,,,
1950,15,,,,,
1950,16,,,,,
1950,17,,,,,
1950,18,,,,,
1950,19,,,,,
1950,20,,,,,
1950,21,,,,,
1950,22,,,,,
1950,23,,,,,
1951,0,,,,,
1951,1,,,,,
1951,2,,,,,
1951,3,,,,,
1951,4,,,,,
1951,5,,,,,
1951,6,,,,,
1951,7,,,,,
1951,8,,,,,
1951,9,,,,,
1951,10,,,,,
1951,11,,,,,
1951,12,,,,,
1951,13,,,,,
1951,14,,,,,
1951,15,,,,,
1951,16,,,,,
1951,17,,,,,
1951,18,,,,,
1951,19,,,,,
1951,20,,,,,
1951,21,,,,,
1951,22,,,,,
1951,23,,,,,
1952,0,,,,,
1952,1,,,,,
1952,2,,,,,
1952,3,,,,,
1952,4,,,,,
1952,5,,,,,
1952,6,,,,,
1952,7,,,,,
1952,8,,,,,
1952,9,,,,,
1952,10,,,,,
1952,11,,,,,
1952,12,,,,,
1952,13,,,,,
1952,14,,,,,
1952,15,,,,,
1952,16,,,,,
1952,17,,,,,
1952,18,,,,,
1952,19,,,,,
1952,20,,,,,
1952,21,,,,,
1952,22,,,,,
1952,23,,,,,
1953,0,,,,,
1953,1,,,,,
1953,2,,,,,
1953,3,,,,,
1953,4,,,,,
1953,5,,,,,
1953,6,,,,,
1953,7,,,,,
1953,8,,,,,
1953,9,,,,,
1953,10,,,,,
1953,11,,,,,
1953,12,,,,,
1953,13,,,,,
1953,14,,,,,
1953,15,,,,,
1953,16,,,,,
1953,17,,,,,
1953,18,,,,,
1953,19,,,,,
1953,20,,,,,
1953,21,,,,,
1953,22,,,,,
1953,23,,,,,
1954,0,,,,,
1954,1,,,,,
1954,2,,,,,
1954,3,,,,,
1954,4,,,,,
1954,5,,,,,
1954,6,,,,,
1954,7,,,,,
1954,8,,,,,
1954,9,,,,,
1954,10,,,,,
1954,11,,,,,
1954,12,,,,,
1954,13,,,,,
1954,14,,,,,
1954,15,,,,,
1954,16,,,,,
1954,17,,,,,
1954,18,,,,,
1954,19,,,,,
1954,20,,,,,
1954,21,,,,,
1954,22,,,,,
1954,23,,,,,
1955,0,,,,,
1955,1,,,,,
1955,2,,,,,
1955,3,,,,,
1955,4,,,,,
1955,5,,,,,
1955,6,,,,,
1955,7,,,,,
1955,8,,,,,
1955,9,,,,,
1955,10,,,,,
1955,11,,,,,
1955,12,,,,,
1955,13,,,,,
1955,14,,,,,
1955,15,,,,,
1955,16,,,,,
1955,17,,,,,
1955,18,,,,,
1955,19,,,,,
1955,20,,,,,
1955,21,,,,,
1955,22,,,,,
1955,23,,,,,
1956,0,-72,,,,
1956,1,-61,,,,
1956,2,,,,,
1956,3,-39,,,,
1956,4,-35,,,,
1956,5,,,,,
1956,6,-28,,,,
1956,7,-26,,,,
1956,8,,,,,
1956,9,-22,,,,
1956,10,-24,,,,
1956,11,,,,,
1956,12,-28,,,,
1956,13,-34,,,,
1956,14,,,,,
1956,15,,,,,
1956,16,,,,,
1956,17,,,,,
1956,18,-61,,,,
1956,19,-65,,,,
1956,20,,,,,
1956,21,-72,,,,
1956,22,-74,,,,
1956,23,,,,,
1957,0,,,,,
1957,1,,,,,
1957,2,,,,,
1957,3,22,,,,
1957,4,39,,,,
1957,5,,,,,
1957,6,72,,,,
1957,7,57,,,,
1957,8,,,,,
1957,9,28,,,,
1957,10,22,,,,
1957,11,,,,,
1957,12,11,,,,
1957,13,7,,,,
1957,14,,,,,
1957,15,0,,,,
1957,16,-7,,,,
1957,17,,,,,
1957,18,-22,,,,
1957,19,-24,,,,
1957,20,,,,,
1957,21,-28,,,,
1957,22,-35,,,,
1957,23,,,,,
1958,0,-22,,,,
1958,1,-2,,,,
1958,2,,,,,
1958,3,,,,,
1958,4,,,,,
1958,5,,,,,
1958,6,100,,,,
1958,7,93,,,,
1958,8,,,,,
1958,9,78,,,,
1958,10,61,,,,
1958,11,,,,,
1958,12,28,,,,
1958,13,19,,,,
1958,14,,,,,
1958,15,0,,,,
1958,16,-7,,,,
1958,17,,,,,
1958,18,-22,,,,
1958,19,-18,,,,
1958,20,,,,,
1958,21,-11,,,,
1958,22,-20,,,,
1958,23,,,,,
1959,0,28,,,,
1959,1,45,,,,
1959,2,,,,,
1959,3,78,,,,
1959,4,85,,,,
1959,5,,,,,
1959,6,100,,,,
1959,7,91,,,,
1959,8,,,,,
1959,9,72,,,,
1959,10,72,,,,
1959,11,,,,,
1959,12,72,,,,
1959,13,68,,,,
1959,14,,,,,
1959,15,61,,,,
1959,16,50,,,,
1959,17,,,,,
1959,18,28,,,,
1959,19,28,,,,
1959,20,,,,,
1959,21,28,,,,
1959,22,22,,,,
1959,23,,,,,
1960,0,28,,,,
1960,1,28,,,,
1960,2,,,,,
1960,3,28,,,,
1960,4,28,,,,
1960,5,,,,,
1960,6,28,,,,
1960,7,26,,,,
1960,8,,,,,
1960,9,22,,,,
1960,10,5,,,,
1960,11,,,,,
1960,12,-28,,,,
1960,13,-32,,,,
1960,14,,,,,
1960,15,-39,,,,
1960,16,-39,,,,
1960,17,,,,,
1960,18,-39,,,,
1960,19,-50,,,,
1960,20,,,,,
1960,21,-72,,,,
1960,22,-74,,,,
1960,23,,,,,
1961,0,-28,,,,
1961,1,-8,,,,
1961,2,,,,,
1961,3,,,,,
1961,4,,,,,
1961,5,,,,,
1961,6,89,,,,
1961,7,83,,,,
1961,8,,,,,
1961,9,72,,,,
1961,10,55,,,,
1961,11,,,,,
1961,12,22,,,,
1961,13,11,,,,
1961,14,,,,,
1961,15,-11,,,,
1961,16,-11,,,,
1961,17,,,,,
1961,18,-11,,,,
1961,19,-11,,,,
1961,20,,,,,
1961,21,-11,,,,
1961,22,-4,,,,
1961,23,,,,,
1962,0,-22,,,,
1962,1,6,,,,
1962,2,,,,,
1962,3,61,,,,
1962,4,67,,,,
1962,5,,,,,
1962,6,78,,,,
1962,7,65,,,,
1962,8,,,,,
1962,9,39,,,,
1962,10,30,,,,
1962,11,,,,,
1962,12,11,,,,
1962,13,-2,,,,
1962,14,,,,,
1962,15,-28,,,,
1962,16,-11,,,,
1962,17,,,,,
1962,18,22,,,,
1962,19,11,,,,
1962,20,,,,,
1962,21,-11,,,,
1962,22,-7,,,,
1962,23,,,,,
1963,0,-61,,,,
1963,1,-41,,,,
1963,2,,,,,
1963,3,0,,,,
1963,4,9,,,,
1963,5,,,,,
1963,6,28,,,,
1963,7,26,,,,
1963,8,,,,,
1963,9,22,,,,
1963,10,11,,,,
1963,11,,,,,
1963,12,-11,,,,
1963,13,-11,,,,
1963,14,,,,,
1963,15,-11,,,,
1963,16,-24,,,,
1963,17,,,,,
1963,18,-50,,,,
1963,19,-46,,,,
1963,20,,,,,
1963,21,-39,,,,
1963,22,-35,,,,
1963,23,,,,,
1964,0,-39,,,,
1964,1,-30,,,,
1964,2,,,,,
1964,3,-11,,,,
1964,4,-4,,,,
1964,5,,,,,
1964,6,11,,,,
1964,7,7,,,,
1964,8,,,,,
1964,9,0,,,,
1964,10,-4,,,,
1964,11,,,,,
1964,12,-11,,,,
1964,13,-17,,,,
1964,14,,,,,
1964,15,-28,,,,
1964,16,-28,,,,
1964,17,,,,,
1964,18,-28,,,,
1964,19,-32,,,,
1964,20,,,,,
1964,21,-39,,,,
1964,22,-43,,,,
1964,23,,,,,
1965,0,,,,,
1965,1,,,,,
1965,2,,,,,
1965,3,,,,,
1965,4,,,,,
1965,5,,,,,
1965,6,,,,,
1965,7,,,,,
1965,8,,,,,
1965,9,,,,,
1965,10,,,,,
1965,11,,,,,
1965,12,,,,,
1965,13,,,,,
1965,14,,,,,
1965,15,,,,,
1965,16,,,,,
1965,17,,,,,
1965,18,,,,,
1965,19,,,,,
1965,20,,,,,
1965,21,,,,,
1965,22,,,,,
1965,23,,,,,
1966,0,,,,,
1966,1,,,,,
1966,2,,,,,
1966,3,,,,,
1966,4,,,,,
1966,5,,,,,
1966,6,,,,,
1966,7,,,,,
1966,8,,,,,
1966,9,,,,,
1966,10,,,,,
1966,11,,,,,
1966,12,,,,,
1966,13,,,,,
1966,14,,,,,
1966,15,,,,,
1966,16,,,,,
1966,17,,,,,
1966,18,,,,,
1966,19,,,,,
1966,20,,,,,
1966,21,,,,,
1966,22,,,,,
1966,23,,,,,
1967,0,,,,,
1967,1,,,,,
1967,2,,,,,
1967,3,,,,,
1967,4,,,,,
1967,5,,,,,
1967,6,,,,,
1967,7,,,,,
1967,8,,,,,
1967,9,,,,,
1967,10,,,,,
1967,11,,,,,
1967,12,,,,,
1967,13,,,,,
1967,14,,,,,
1967,15,,,,,
1967,16,,,,,
1967,17,,,,,
1967,18,,,,,
1967,19,,,,,
1967,20,,,,,
1967,21,,,,,
1967,22,,,,,
1967,23,,,,,
1968,0,,,,,
1968,1,,,,,
1968,2,,,,,
1968,3,,,,,
1968,4,,,,,
1968,5,,,,,
1968,6,,,,,
1968,7,,,,,
1968,8,,,,,
1968,9,,,,,
1968,10,,,,,
1968,11,,,,,
1968,12,,,,,
1968,13,,,,,
1968,14,,,,,
1968,15,,,,,
1968,16,,,,,
1968,17,,,,,
1968,18,,,,,
1968,19,,,,,
1968,20,,,,,
1968,21,,,,,
1968,22,,,,,
1968,23,,,,,
1969,0,,,,,
1969,1,,,,,
1969,2,,,,,
1969,3,,,,,
1969,4,,,,,
1969,5,,,,,
1969,6,,,,,
1969,7,,,,,
1969,8,,,,,
1969,9,,,,,
1969,10,,,,,
1969,11,,,,,
1969,12,,,,,
1969,13,,,,,
1969,14,,,,,
1969,15,,,,,
1969,16,,,,,
1969,17,,,,,
1969,18,,,,,
1969,19,,,,,
1969,20,,,,,
1969,21,,,,,
1969,22,,,,,
1969,23,,,,,
1970,0,,,,,
1970,1,,,,,
1970,2,,,,,
1970,3,,,,,
1970,4,,,,,
1970,5,,,,,
1970,6,,,,,
1970,7,,,,,
1970,8,,,,,
1970,9,,,,,
1970,10,,,,,
1970,11,,,,,
1970,12,,,,,
1970,13,,,,,
1970,14,,,,,
1970,15,,,,,
1970,16,,,,,
1970,17,,,,,
1970,18,,,,,
1970,19,,,,,
1970,20,,,,,
1970,21,,,,,
1970,22,,,,,
1970,23,,,,,
1971,0,,,,,
1971,1,,,,,
1971,2,,,,,
1971,3,,,,,
1971,4,,,,,
1971,5,,,,,
1971,6,,,,,
1971,7,,,,,
1971,8,,,,,
1971,9,,,,,
1971,10,,,,,
1971,11,,,,,
1971,12,,,,,
1971,13,,,,,
1971,14,,,,,
1971,15,,,,,
1971,16,,,,,
1971,17,,,,,
1971,18,,,,,
1971,19,,,,,
1971,20,,,,,
1971,21,,,,,
1971,22,,,,,
1971,23,,,,,
1972,0,,,,,
1972,1,,,,,
1972,2,,,,,
1972,3,,,,,
1972,4,,,,,
1972,5,,,,,
1972,6,,,,,
1972,7,,,,,
1972,8,,,,,
1972,9,,,,,
1972,10,,,,,
1972,11,,,,,
1972,12,,,,,
1972,13,,,,,
1972,14,,,,,
1972,15,,,,,
1972,16,,,,,
1972,17,,,,,
1972,18,,,,,
1972,19,,,,,
1972,20,,,,,
1972,21,,,,,
1972,22,,,,,
1972,23,,,,,
1973,0,10,,,,
1973,1,30,,,,
1973,2,,,,,
1973,3,70,,,,
1973,4,77,,,,
1973,5,,,,,
1973,6,90,,,,
1973,7,80,,,,
1973,8,,,,,
1973,9,60,,,,
1973,10,47,,,,
1973,11,,,,,
1973,12,20,,,,
1973,13,13,,,,
1973,14,,,,,
1973,15,0,,,,
1973,16,-3,,,,
1973,17,,,,,
1973,18,-10,,,,
1973,19,-20,,,,
1973,20,,,,,
1973,21,-40,,,,
1973,22,-40,,,,
1973,23,,,,,
1974,0,-10,,,,
1974,1,0,,,,
1974,2,,,,,
1974,3,20,,,,
1974,4,23,,,,
1974,5,,,,,
1974,6,30,,,,
1974,7,30,,,,
1974,8,,,,,
1974,9,30,,,,
1974,10,27,,,,
1974,11,,,,,
1974,12,20,,,,
1974,13,20,,,,
1974,14,,,,,
1974,15,20,,,,
1974,16,20,,,,
1974,17,,,,,
1974,18,20,,,,
1974,19,13,,,,
1974,20,,,,,
1974,21,0,,,,
1974,22,3,,,,
1974,23,,,,,
1975,0,-30,,,,
1975,1,-13,,,,
1975,2,,,,,
1975,3,20,,,,
1975,4,30,,,,
1975,5,,,,,
1975,6,50,,,,
1975,7,43,,,,
1975,8,,,,,
1975,9,30,,,,
1975,10,20,,,,
1975,11,,,,,
1975,12,0,,,,
1975,13,-3,,,,
1975,14,,,,,
1975,15,-10,,,,
1975,16,-10,,,,
1975,17,,,,,
1975,18,-10,,,,
1975,19,-10,,,,
1975,20,,,,,
1975,21,-10,,,,
1975,22,-13,,,,
1975,23,,,,,
1976,0,-30,,,,
1976,1,-13,,,,
1976,2,,,,,
1976,3,20,,,,
1976,4,27,,,,
1976,5,,,,,
1976,6,40,,,,
1976,7,33,,,,
1976,8,,,,,
1976,9,20,,,,
1976,10,20,,,,
1976,11,,,,,
1976,12,20,,,,
1976,13,17,,,,
1976,14,,,,,
1976,15,10,,,,
1976,16,10,,,,
1976,17,,,,,
1976,18,10,,,,
1976,19,0,,,,
1976,20,,,,,
1976,21,-20,,,,
1976,22,-20,,,,
1976,23,,,,,
1977,0,-40,,,,
1977,1,-23,,,,
1977,2,,,,,
1977,3,10,,,,
1977,4,30,,,,
1977,5,,,,,
1977,6,70,,,,
1977,7,63,,,,
1977,8,,,,,
1977,9,50,,,,
1977,10,40,,,,
1977,11,,,,,
1977,12,20,,,,
1977,13,17,,,,
1977,14,,,,,
1977,15,10,,,,
1977,16,0,,,,
1977,17,,,,,
1977,18,-20,,,,
1977,19,-17,,,,
1977,20,,,,,
1977,21,-10,,,,
1977,22,-13,,,,
1977,23,,,,,
1978,0,10,,,,
1978,1,20,,,,
1978,2,,,,,
1978,3,40,,,,
1978,4,53,,,,
1978,5,,,,,
1978,6,80,,,,
1978,7,67,,,,
1978,8,,,,,
1978,9,40,,,,
1978,10,33,,,,
1978,11,,,,,
1978,12,20,,,,
1978,13,23,,,,
1978,14,,,,,
1978,15,30,,,,
1978,16,23,,,,
1978,17,,,,,
1978,18,10,,,,
1978,19,7,,,,
1978,20,,,,,
1978,21,0,,,,
1978,22,-3,,,,
1978,23,,,,,
1979,0,-60,,,,
1979,1,-30,,,,
1979,2,,,,,
1979,3,30,,,,
1979,4,43,,,,
1979,5,,,,,
1979,6,70,,,,
1979,7,60,,,,
1979,8,,,,,
1979,9,40,,,,
1979,10,30,,,,
1979,11,,,,,
1979,12,10,,,,
1979,13,13,,,,
1979,14,,,,,
1979,15,20,,,,
1979,16,17,,,,
1979,17,,,,,
1979,18,10,,,,
1979,19,0,,,,
1979,20,,,,,
1979,21,-20,,,,
1979,22,-17,,,,
1979,23,,,,,
1980,0,30,,,,
1980,1,43,,,,
1980,2,,,,,
1980,3,70,,,,
1980,4,77,,,,
1980,5,,,,,
1980,6,90,,,,
1980,7,80,,,,
1980,8,,,,,
1980,9,60,,,,
1980,10,53,,,,
1980,11,,,,,
1980,12,40,,,,
1980,13,27,,,,
1980,14,,,,,
1980,15,0,,,,
1980,16,-7,,,,
1980,17,,,,,
1980,18,-20,,,,
1980,19,-17,,,,
1980,20,,,,,
1980,21,-10,,,,
1980,22,-7,,,,
1980,23,,,,,
1981,0,-50,,,,
1981,1,-40,,,,
1981,2,,,,,
1981,3,-20,,,,
1981,4,-17,,,,
1981,5,,,,,
1981,6,-10,,,,
1981,7,-20,,,,
1981,8,,,,,
1981,9,-40,,,,
1981,10,-47,,,,
1981,11,,,,,
1981,12,-60,,,,
1981,13,-67,,,,
1981,14,,,,,
1981,15,-80,,,,
1981,16,-80,,,,
1981,17,,,,,
1981,18,-80,,,,
1981,19,-83,,,,
1981,20,,,,,
1981,21,-90,,,,
1981,22,-90,,,,
1981,23,,,,,
1982,0,29,,,,
1982,1,45,,,,
1982,2,,,,,
1982,3,77,,,,
1982,4,90,,,,
1982,5,90,,,,
1982,6,67,,,,
1982,7,64,,,,
1982,8,60,,,,
1982,9,38,,,,
1982,10,39,,,,
1982,11,,,,,
1982,12,42,,,,
1982,13,42,,,,
1982,14,,,,,
1982,15,43,,,,
1982,16,38,,,,
1982,17,,,,,
1982,18,28,,,,
1982,19,21,,,,
1982,20,,,,,
1982,21,6,,,,
1982,22,3,,,,
1982,23,,,,,
1983,0,-7,,,,
1983,1,8,,,,
1983,2,,,,,
1983,3,39,,,,
1983,4,47,,,,
1983,5,,,,,
1983,6,63,,,,
1983,7,60,,,,
1983,8,,,,,
1983,9,53,,,,
1983,10,47,,,,
1983,11,,,,,
1983,12,36,,,,
1983,13,26,,,,
1983,14,,,,,
1983,15,6,,,,
1983,16,4,,,,
1983,17,,,,,
1983,18,1,,,,
1983,19,-3,,,,
1983,20,,,,,
1983,21,-12,,,,
1983,22,2,,,,
1983,23,,,,,
1984,0,10,,,,
1984,1,37,,,,
1984,2,,,,,
1984,3,90,,,,
1984,4,91,,,,
1984,5,,,,,
1984,6,94,,,,
1984,7,86,,,,
1984,8,,,,,
1984,9,71,,,,
1984,10,68,,,,
1984,11,,,,,
1984,12,61,,,,
1984,13,48,,,,
1984,14,,,,,
1984,15,23,,,,
1984,16,17,,,,
1984,17,,,,,
1984,18,4,,,,
1984,19,-5,,,,
1984,20,,,,,
1984,21,-22,,,,
1984,22,-16,,,,
1984,23,,,,,
1985,0,-44,,,,
1985,1,-32,,,,
1985,2,-20,,,,
1985,3,4,,,,
1985,4,12,,,,
1985,5,20,,,,
1985,6,30,,,,
1985,7,30,,,,
1985,8,20,,,,
1985,9,18,,,,
1985,10,10,,,,
1985,11,0,,,,
1985,12,-12,,,,
1985,13,-16,,,,
1985,14,,,,,
1985,15,-24,,,,
1985,16,-28,,,,
1985,17,,,,,
1985,18,-37,,,,
1985,19,-23,,,,
1985,20,,,,,
1985,21,4,,,,
1985,22,-4,,,,
1985,23,,,,,
1986,0,-33,,,,
1986,1,-9,,,,
1986,2,,,,,
1986,3,38,,,,
1986,4,52,,,,
1986,5,,,,,
1986,6,81,,,,
1986,7,72,,,,
1986,8,,,,,
1986,9,55,,,,
1986,10,38,,,,
1986,11,,,,,
1986,12,4,,,,
1986,13,-5,,,,
1986,14,,,,,
1986,15,-23,,,,
1986,16,-27,,,,
1986,17,,,,,
1986,18,-34,,,,
1986,19,-134,,,,
1986,20,-91,,,,
1986,21,-48,,,,
1986,22,-47,,,,
1986,23,,,,,
1987,0,-89,,,,
1987,1,-61,,,,
1987,2,,,,,
1987,3,-6,,,,
1987,4,-8,,,,
1987,5,,,,,
1987,6,-11,,,,
1987,7,-18,,,,
1987,8,,,,,
1987,9,-31,,,,
1987,10,-36,,,,
1987,11,,,,,
1987,12,-47,,,,
1987,13,-52,,,,
1987,14,,,,,
1987,15,-63,,,,
1987,16,-68,,,,
1987,17,,,,,
1987,18,-79,,,,
1987,19,-80,,,,
1987,20,,,,,
1987,21,-83,,,,
1987,22,-85,,,,
1987,23,,,,,
1988,0,6,,,,
1988,1,20,,,,
1988,2,70,,,,
1988,3,85,,,,
1988,4,110,,,,
1988,5,120,,,,
1988,6,126,,,,
1988,7,130,,,,
1988,8,120,,,,
1988,9,91,,,,
1988,10,65,,,,
1988,11,40,,,,
1988,12,45,,,,
1988,13,20,,,,
1988,14,20,,,,
1988,15,43,,,,
1988,16,8,,,,
1988,17,,,,,
1988,18,5,,,,
1988,19,12,,,,
1988,20,20,,,,
1988,21,35,,,,
1988,22,10,,,,
1988,23,10,,,,
1989,0,25,,,,
1989,1,50,,,,
1989,2,70,,,,
1989,3,72,,,,
1989,4,90,,,,
1989,5,95,,,,
1989,6,100,,,,
1989,7,110,,,,
1989,8,92,,,,
1989,9,73,,,,
1989,10,50,,,,
1989,11,20,,,,
1989,12,48,,,,
1989,13,10,,,,
1989,14,0,,,,
1989,15,29,,,,
1989,16,15,,,,
1989,17,,,,,
1989,18,-13,,,,
1989,19,-17,,,,
1989,20,,,,,
1989,21,-25,,,,
1989,22,-27,,,,
1989,23,,,,,
1990,0,-26,37,,,
1990,1,-20,35,,,
1990,2,-18,32,,,
1990,3,-16,28,,,
1990,4,0,26,,,
1990,5,0,23,,,
1990,6,0,20,,,
1990,7,-10,17,,,
1990,8,-20,14,,,
1990,9,-45,10,,,
1990,10,-50,5,,,
1990,11,-52,1,,,
1990,12,-54,-3,,,
1990,13,-50,-7,,,
1990,14,-60,-11,,,
1990,15,-60,-15,,,
1990,16,-61,-19,,,
1990,17,,,,,
1990,18,-62,,,,
1990,19,-61,,,,
1990,20,-60,,,,
1990,21,-62,,,,
1990,22,-60,,,,
1990,23,,,,,
1991,0,-23,,,,
1991,1,-10,,,,
1991,2,10,,,,
1991,3,20,,,,
1991,4,30,,,,
1991,5,40,,,,
1991,6,49,,,,
1991,7,50,,,,
1991,8,40,,,,
1991,9,35,,,,
1991,10,20,,,,
1991,11,0,,,,
1991,12,18,,,,
1991,13,-10,,,,
1991,14,-20,,,,
1991,15,-15,,,,
1991,16,-10,,,,
1991,17,-9,2,,,
1991,18,-8,3,,,
1991,19,-19,3,,,
1991,20,-30,3,,,
1991,21,-31,2,,,
1991,22,-30,2,,,
1991,23,-40,2,,,
1992,0,-26,,,32,
1992,1,-10,,,32,
1992,2,10,,,32,
1992,3,34,,,32,
1992,4,60,,,32,
1992,5,80,,,32,
1992,6,101,,,31,
1992,7,100,,,31,
1992,8,90,,,31,
1992,9,110,,,31,
1992,10,100,,,31,
1992,11,41,,,31,
1992,12,76,,,31,
1992,13,80,,,31,
1992,14,60,,,31,
1992,15,61,,,31,
1992,16,40,,,31,
1992,17,20,,,31,
1992,18,41,,,31,
1992,19,0,,,31,
1992,20,10,43,,31,
1992,21,34,45,,31,
1992,22,-10,45,,31,
1992,23,-10,46,,31,
1993,0,6,,,,
1993,1,20,,,,
1993,2,40,,,,
1993,3,60,,,,
1993,4,60,,,,
1993,5,70,,,,
1993,6,68,,,,
1993,7,70,,,,
1993,8,60,,,,
1993,9,46,,,,
1993,10,40,,,,
1993,11,20,,,,
1993,12,8,,,,
1993,13,0,,,,
1993,14,0,,,,
1993,15,-10,,,,
1993,16,0,,,,
1993,17,-4,22,,,
1993,18,-8,21,,,
1993,19,-14,20,,,
1993,20,-20,19,,,
1993,21,-5,20,,,
1993,22,-20,20,,,
1993,23,-18,20,,,
1994,0,39,43,,,
1994,1,40,45,,,
1994,2,50,46,,,
1994,3,62,46,,,
1994,4,60,47,,,
1994,5,70,47,,,
1994,6,67,46,,,
1994,7,70,47,,,
1994,8,70,47,,,
1994,9,61,47,,,
1994,10,50,48,,,
1994,11,50,49,,,
1994,12,61,49,,,
1994,13,50,50,,,
1994,14,50,51,,,
1994,15,53,51,,,
1994,16,52,52,,,
1994,17,,,,,
1994,18,49,,,,
1994,19,44,,,,
1994,20,40,,,,
1994,21,49,,,,
1994,22,30,,,,
1994,23,50,,,,
1995,0,-7,39,44,,
1995,1,20,39,44,,
1995,2,40,39,44,,
1995,3,77,39,45,,
1995,4,90,39,45,,
1995,5,90,39,45,,
1995,6,93,39,46,,
1995,7,90,38,46,,
1995,8,70,38,46,,
1995,9,70,37,46,,
1995,10,50,37,46,,
1995,11,50,37,47,,
1995,12,49,37,47,,
1995,13,10,36,47,,
1995,14,10,36,47,,
1995,15,37,37,46,,
1995,16,-10,36,46,,
1995,17,-10,35,46,,
1995,18,8,36,46,,
1995,19,-20,35,45,,
1995,20,-10,34,45,,
1995,21,-4,33,45,,
1995,22,-10,33,44,,
1995,23,-20,32,44,,
1996,0,-48,-25,4,,
1996,1,-40,-25,3,,
1996,2,-40,-27,3,,
1996,3,-26,-28,2,,
1996,4,-20,-29,2,,
1996,5,-10,-29,1,,
1996,6,-6,-30,1,,
1996,7,-10,-30,0,,
1996,8,-10,-31,-0,,
1996,9,-8,-32,-1,,
1996,10,-20,-32,-1,,
1996,11,-10,-33,-1,,
1996,12,-18,-33,-2,,
1996,13,-20,-33,-2,,
1996,14,-30,-33,-2,,
1996,15,-29,-32,-3,,
1996,16,-30,-32,-3,,
1996,17,-30,-31,-3,,
1996,18,-54,-31,-4,,
1996,19,-40,-31,-4,,
1996,20,-60,-31,-4,,
1996,21,-42,-30,-5,,
1996,22,-60,-30,-5,,
1996,23,-80,-31,-5,,
1997,0,-3,27,31,56,130
1997,1,-10,26,31,56,130
1997,2,-30,23,30,56,130
1997,3,-24,19,30,56,130
1997,4,-20,16,29,56,130
1997,5,-20,12,29,56,130
1997,6,-19,8,28,55,130
1997,7,-10,5,28,55,130
1997,8,-10,1,28,55,130
1997,9,-24,-2,27,55,130
1997,10,-20,-4,27,54,130
1997,11,-20,-6,26,54,130
1997,12,-25,-8,26,54,130
1997,13,-20,-10,26,54,130
1997,14,-30,-11,25,54,130
1997,15,-26,-13,25,54,130
1997,16,-40,-14,24,54,130
1997,17,-50,-17,24,53,130
1997,18,-42,-19,23,53,130
1997,19,-60,-21,23,53,130
1997,20,-60,-24,22,53,130
1997,21,-58,-26,22,53,130
1997,22,-80,-30,21,53,130
1997,23,-80,-33,20,53,130
1998,0,-4,18,-8,,
1998,1,-10,18,-8,,
1998,2,-10,17,-8,,
1998,3,-6,15,-8,,
1998,4,0,15,-8,,
1998,5,0,13,-8,,
1998,6,-1,11,-8,,
1998,7,0,10,-8,,
1998,8,0,8,-7,,
1998,9,-4,7,-7,,
1998,10,-10,5,-7,,
1998,11,-10,3,-7,,
1998,12,-6,2,-7,,
1998,13,-10,1,-7,,
1998,14,-10,-0,-7,,
1998,15,-10,-1,-6,,
1998,16,-20,-3,-6,,
1998,17,-20,-4,-6,,
1998,18,-25,-6,-6,,
1998,19,-27,-7,-6,,
1998,20,,,-5,,
1998,21,-32,,-5,,
1998,22,-30,,-5,,
1998,23,-30,,-5,,
1999,0,-10,16,17,58,131
1999,1,0,15,16,58,131
1999,2,30,15,16,58,131
1999,3,51,15,16,58,131
1999,4,70,16,16,58,131
1999,5,90,17,16,58,131
1999,6,78,17,16,58,131
1999,7,80,17,16,58,131
1999,8,70,17,16,58,131
1999,9,49,17,16,58,131
1999,10,30,16,15,58,131
1999,11,20,15,15,58,131
1999,12,11,15,15,58,131
1999,13,-10,13,14,57,131
1999,14,-20,12,14,57,131
1999,15,6,12,13,57,131
1999,16,-20,12,13,57,131
1999,17,-30,12,12,57,131
1999,18,-10,12,11,57,131
1999,19,-20,13,11,57,131
1999,20,-10,14,10,57,131
1999,21,-25,14,10,57,131
1999,22,-20,15,9,56,131
1999,23,-30,16,9,56,131
2000,0,-3,,,30,127
2000,1,2,,,30,127
2000,2,,,,29,127
2000,3,12,,,29,127
2000,4,22,,,29,127
2000,5,,,,29,127
2000,6,42,,,29,127
2000,7,38,,,29,127
2000,8,,,,29,127
2000,9,29,,,28,127
2000,10,20,,,28,127
2000,11,,,,28,127
2000,12,3,,,28,127
2000,13,-1,,,28,127
2000,14,,,,,127
2000,15,-8,,,,127
2000,16,-10,,,,127
2000,17,,,,,127
2000,18,-13,,,,127
2000,19,-17,,,,127
2000,20,,,,,127
2000,21,-24,,,,127
2000,22,-19,,,,127
2000,23,,,,,127
2001,0,-21,33,27,55,128
2001,1,0,32,27,54,128
2001,2,20,30,27,54,128
2001,3,34,28,26,54,128
2001,4,40,27,26,54,128
2001,5,50,25,26,54,128
2001,6,56,24,25,54,128
2001,7,60,22,25,53,128
2001,8,50,20,25,53,128
2001,9,36,19,24,53,128
2001,10,20,18,24,53,128
2001,11,0,16,24,53,128
2001,12,-2,15,24,53,128
2001,13,-10,13,23,53,128
2001,14,-30,12,23,52,128
2001,15,-19,10,22,52,128
2001,16,-20,9,22,52,128
2001,17,-10,9,21,52,128
2001,18,-10,7,21,52,128
2001,19,-10,7,20,52,128
2001,20,10,8,20,52,128
2001,21,25,10,19,52,128
2001,22,20,11,19,52,128
2001,23,20,13,19,52,128
2002,0,-46,,,32,
2002,1,-20,,,32,
2002,2,-10,,,32,
2002,3,32,,,32,
2002,4,40,,,32,
2002,5,60,,,32,
2002,6,72,,,32,
2002,7,70,,,32,
2002,8,70,,,32,
2002,9,54,,,32,
2002,10,30,,,32,
2002,11,10,,,32,
2002,12,19,,,32,
2002,13,0,,,32,
2002,14,-10,,,32,
2002,15,-21,,,31,
2002,16,-10,,,31,
2002,17,-20,4,,31,
2002,18,-27,4,,31,
2002,19,-30,4,,31,
2002,20,-40,4,,31,
2002,21,-30,5,,31,
2002,22,-30,5,,31,
2002,23,-22,6,,31,
2003,0,-13,-12,,,
2003,1,-20,-11,,,
2003,2,-20,-12,,,
2003,3,-2,-11,,,
2003,4,-20,-13,,,
2003,5,-20,-15,,,
2003,6,-6,-14,,,
2003,7,-10,-16,,,
2003,8,-10,-16,,,
2003,9,-6,-16,,,
2003,10,-10,-16,,,
2003,11,-10,-16,,,
2003,12,1,-15,,,
2003,13,-10,-15,,,
2003,14,-10,-14,,,
2003,15,0,-13,,,
2003,16,-10,-13,,,
2003,17,-10,-12,,,
2003,18,-4,-12,,,
2003,19,-30,-12,,,
2003,20,-30,-13,,,
2003,21,-16,-13,,,
2003,22,-30,-13,,,
2003,23,-20,-13,,,
2004,0,-6,11,34,65,
2004,1,0,10,34,65,
2004,2,10,10,34,65,
2004,3,21,10,33,65,
2004,4,40,11,33,65,
2004,5,50,11,32,64,
2004,6,59,11,32,64,
2004,7,50,11,31,64,
2004,8,50,11,31,64,
2004,9,43,11,31,64,
2004,10,20,11,30,64,
2004,11,10,11,30,64,
2004,12,15,11,30,63,
2004,13,0,11,29,63,
2004,14,0,11,29,63,
2004,15,-8,11,29,63,
2004,16,-10,11,29,63,
2004,17,-10,12,28,63,
2004,18,-5,12,28,62,
2004,19,-30,11,28,62,
2004,20,-40,11,27,62,
2004,21,-9,10,27,62,
2004,22,-29,9,26,62,
2004,23,-50,7,26,62,
2005,0,-12,44,60,77,131
2005,1,10,42,60,77,131
2005,2,30,40,60,76,131
2005,3,59,39,59,76,131
2005,4,60,37,59,76,131
2005,5,70,35,58,76,131
2005,6,93,35,58,76,131
2005,7,90,34,58,76,131
2005,8,80,34,58,75,131
2005,9,70,33,57,75,131
2005,10,60,33,57,75,131
2005,11,30,33,57,75,131
2005,12,42,32,57,75,131
2005,13,40,31,57,75,131
2005,14,20,31,56,75,131
2005,15,78,33,57,75,131
2005,16,70,35,57,75,131
2005,17,60,37,57,75,131
2005,18,64,40,57,75,131
2005,19,40,42,58,75,131
2005,20,30,44,58,75,131
2005,21,43,46,58,75,131
2005,22,30,47,58,75,131
2005,23,10,49,59,75,131
2006,0,-11,4,20,69,131
2006,1,0,4,20,69,131
2006,2,10,4,20,69,131
2006,3,52,5,20,68,131
2006,4,50,6,20,68,131
2006,5,60,7,20,68,131
2006,6,67,7,20,68,131
2006,7,70,8,21,67,131
2006,8,60,8,21,67,131
2006,9,41,8,21,67,131
2006,10,40,9,21,67,131
2006,11,40,9,21,67,131
2006,12,7,9,21,66,131
2006,13,10,9,21,66,131
2006,14,10,10,21,66,131
2006,15,0,10,21,66,131
2006,16,-20,10,21,66,131
2006,17,-30,10,21,66,131
2006,18,-19,10,20,65,131
2006,19,-30,11,20,65,131
2006,20,-30,11,20,65,131
2006,21,16,13,20,65,131
2006,22,0,15,20,65,131
2006,23,0,16,21,65,131
2007,0,-27,3,26,48,137
2007,1,-30,1,25,48,137
2007,2,0,0,25,48,137
2007,3,37,-1,24,48,137
2007,4,40,-1,24,47,137
2007,5,60,-1,24,47,137
2007,6,67,-1,23,47,137
2007,7,60,-2,23,47,137
2007,8,60,-2,23,47,137
2007,9,43,-2,23,47,137
2007,10,10,-2,22,47,137
2007,11,0,-2,22,47,136
2007,12,21,-2,22,47,136
2007,13,-20,-3,22,47,136
2007,14,-30,-2,22,46,136
2007,15,-5,-3,21,46,136
2007,16,-40,-3,21,46,136
2007,17,-30,-2,21,46,136
2007,18,-17,-3,21,46,136
2007,19,-40,-2,20,46,136
2007,20,-30,-1,20,46,136
2007,21,-30,-1,20,46,136
2007,22,-30,1,20,46,136
2007,23,-30,2,20,46,136
2008,0,5,50,45,56,130
2008,1,20,49,45,56,130
2008,2,50,48,45,56,130
2008,3,93,48,46,56,130
2008,4,90,48,46,56,130
2008,5,100,47,46,56,130
2008,6,123,48,46,56,130
2008,7,110,47,47,56,130
2008,8,100,46,47,55,130
2008,9,95,46,47,55,130
2008,10,50,45,47,55,130
2008,11,20,42,47,55,130
2008,12,46,40,47,55,130
2008,13,30,40,47,55,130
2008,14,10,39,47,55,130
2008,15,15,38,46,55,130
2008,16,0,37,46,55,130
2008,17,0,38,46,55,130
2008,18,15,38,46,55,130
2008,19,-10,38,46,55,130
2008,20,-10,38,45,55,130
2008,21,31,39,45,55,130
2008,22,-10,39,45,54,130
2008,23,40,42,45,55,130
2009,0,-10,25,20,17,129
2009,1,20,26,20,17,129
2009,2,60,28,21,17,129
2009,3,76,30,21,17,129
2009,4,110,32,21,17,129
2009,5,110,34,21,16,129
2009,6,96,35,21,16,129
2009,7,110,35,22,16,129
2009,8,110,36,22,16,129
2009,9,59,37,22,16,129
2009,10,90,38,22,16,129
2009,11,80,38,23,16,129
2009,12,36,39,23,16,129
2009,13,70,39,23,16,129
2009,14,70,40,24,16,129
2009,15,3,40,23,16,129
2009,16,10,41,23,16,129
2009,17,10,42,23,16,129
2009,18,-10,42,23,16,129
2009,19,-10,42,23,16,129
2009,20,-10,42,23,16,129
2009,21,-4,43,22,16,129
2009,22,-30,43,22,16,129
2009,23,-30,42,22,16,129
2010,0,-11,-1,8,50,119
2010,1,-20,-3,7,49,119
2010,2,-10,-4,7,49,119
2010,3,13,-4,7,49,119
2010,4,10,-5,6,49,119
2010,5,20,-6,6,48,119
2010,6,31,-7,6,48,119
2010,7,30,-7,6,48,119
2010,8,20,-8,5,48,119
2010,9,26,-8,5,48,119
2010,10,20,-7,5,47,119
2010,11,20,-6,5,47,119
2010,12,22,-5,5,47,119
2010,13,20,-4,5,47,119
2010,14,20,-2,5,47,119
2010,15,19,-1,5,47,119
2010,16,10,0,5,47,119
2010,17,10,2,5,47,119
2010,18,13,3,5,47,119
2010,19,10,5,5,47,119
2010,20,10,7,5,47,119
2010,21,14,9,5,47,119
2010,22,10,11,5,47,119
2010,23,0,13,5,47,119
2011,0,-16,5,15,66,129
2011,1,10,4,15,66,129
2011,2,20,3,15,65,129
2011,3,36,4,15,65,129
2011,4,50,4,15,65,129
2011,5,60,6,15,65,129
2011,6,56,7,15,65,129
2011,7,60,8,15,65,129
2011,8,50,9,15,65,129
2011,9,40,9,15,65,129
2011,10,10,8,15,64,129
2011,11,30,9,15,64,129
2011,12,7,8,15,64,129
2011,13,30,9,16,64,129
2011,14,-20,8,15,64,129
2011,15,-7,8,15,63,129
2011,16,-30,7,15,63,129
2011,17,-50,6,15,63,129
2011,18,-30,5,15,63,129
2011,19,-50,4,15,63,129
2011,20,-70,2,15,62,129
2011,21,-44,1,15,62,129
2011,22,-70,1,15,62,129
2011,23,-60,1,15,61,129
2012,0,-41,-9,12,42,126
2012,1,-40,-9,11,42,126
2012,2,-30,-11,11,41,126
2012,3,-19,-13,11,41,126
2012,4,-10,-15,10,41,126
2012,5,-10,-17,10,41,126
2012,6,1,-19,10,41,126
2012,7,-10,-22,9,40,126
2012,8,-10,-23,9,40,126
2012,9,-14,-25,9,40,126
2012,10,-30,-26,8,40,126
2012,11,-40,-27,8,39,126
2012,12,-35,-28,7,39,126
2012,13,-60,-29,7,39,126
2012,14,-50,-28,6,39,126
2012,15,-46,-29,6,39,126
2012,16,-70,-30,6,39,126
2012,17,-70,-32,6,39,126
2012,18,-39,-33,6,39,126
2012,19,-90,-36,5,38,126
2012,20,-90,-38,5,38,126
2012,21,-54,-39,5,38,126
2012,22,-80,-41,5,38,126
2012,23,-90,-43,5,38,126
2013,0,65,56,32,62,121
2013,1,60,56,32,62,121
2013,2,80,56,32,61,121
2013,3,91,56,32,61,121
2013,4,100,56,32,61,121
2013,5,110,56,31,61,121
2013,6,100,55,31,61,121
2013,7,100,54,31,61,122
2013,8,90,54,30,61,122
2013,9,84,54,30,61,122
2013,10,40,51,30,61,122
2013,11,10,48,29,61,122
2013,12,30,47,29,61,122
2013,13,10,44,29,61,122
2013,14,0,41,29,61,122
2013,15,25,42,29,61,122
2013,16,-20,41,28,61,122
2013,17,-30,40,28,60,122
2013,18,-21,39,28,60,122
2013,19,-40,38,27,60,122
2013,20,-30,37,27,60,122
2013,21,-28,34,26,60,122
2013,22,-60,32,25,60,122
2013,23,-30,31,25,60,122
2014,0,64,39,40,62,139
2014,1,60,41,40,62,139
2014,2,70,43,40,61,139
2014,3,79,45,40,61,139
2014,4,80,47,40,61,139
2014,5,70,48,40,61,139
2014,6,53,48,40,61,139
2014,7,50,49,40,61,139
2014,8,40,49,39,61,139
2014,9,24,48,39,61,139
2014,10,10,47,39,60,139
2014,11,10,45,39,60,139
2014,12,-2,44,39,60,139
2014,13,-20,41,38,60,139
2014,14,-30,38,38,60,139
2014,15,-33,35,38,59,139
2014,16,-40,32,38,59,139
2014,17,-40,28,38,59,139
2014,18,-44,25,37,59,139
2014,19,-50,21,37,58,139
2014,20,-50,17,37,58,139
2014,21,-49,13,37,58,139
2014,22,-50,10,36,58,139
2014,23,-50,6,36,58,139
2015,0,-29,-8,-40,34,134
2015,1,-30,-9,-40,33,134
2015,2,-20,-9,-40,33,134
2015,3,-4,-10,-40,33,134
2015,4,0,-11,-40,33,134
2015,5,0,-14,-40,33,134
2015,6,23,-15,-40,32,134
2015,7,10,-17,-40,32,134
2015,8,0,-19,-40,32,134
2015,9,3,-20,-40,32,134
2015,10,-10,-20,-40,32,134
2015,11,-20,-20,-40,32,134
2015,12,-8,-21,-39,31,134
2015,13,-10,-20,-39,31,134
2015,14,-20,-19,-39,31,134
2015,15,-7,-19,-39,31,134
2015,16,-10,-18,-39,31,134
2015,17,-10,-16,-38,31,134
2015,18,-7,-15,-38,31,134
2015,19,-10,-14,-38,31,134
2015,20,-10,-12,-37,31,134
2015,21,-6,-11,-37,31,134
2015,22,-10,-10,-37,31,134
2015,23,-10,-8,-37,31,134
2016,0,-8,18,4,38,135
2016,1,20,19,4,38,135
2016,2,40,20,4,38,135
2016,3,49,21,5,38,135
2016,4,70,22,5,38,135
2016,5,80,24,5,38,135
2016,6,94,26,6,38,135
2016,7,100,29,6,38,135
2016,8,110,32,7,38,135
2016,9,73,33,7,39,135
2016,10,90,36,8,39,135
2016,11,70,37,8,39,135
2016,12,76,39,8,39,135
2016,13,50,40,9,39,135
2016,14,50,41,9,39,135
2016,15,59,42,10,39,135
2016,16,-10,41,10,39,135
2016,17,-20,39,10,39,135
2016,18,32,39,10,39,135
2016,19,-30,38,11,39,135
2016,20,20,39,11,39,135
2016,21,43,41,12,39,135
2016,22,30,44,12,39,135
2016,23,20,46,13,39,135
2017,0,-25,-40,,38,139
2017,1,-20,-39,,38,139
2017,2,-10,-39,,38,139
2017,3,5,-38,,38,139
2017,4,20,-37,,38,139
2017,5,30,-35,,38,139
2017,6,32,-34,,37,139
2017,7,40,-33,,37,139
2017,8,40,-31,,37,139
2017,9,6,-30,,37,139
2017,10,10,-28,,37,139
2017,11,10,-26,,37,139
2017,12,-13,-25,,37,139
2017,13,0,-23,,36,139
2017,14,0,-20,,36,138
2017,15,-25,-19,,36,138
2017,16,-40,-18,,36,138
2017,17,-50,-17,,36,138
2017,18,-35,-17,,36,138
2017,19,-80,-17,,36,138
2017,20,-90,-18,,36,138
2017,21,-69,-18,,35,138
2017,22,-80,-18,,35,138
2017,23,-100,-18,,35,138
2018,0,-19,10,28,54,134
2018,1,10,10,28,53,134
2018,2,30,9,28,53,134
2018,3,49,9,28,53,134
2018,4,70,9,28,53,134
2018,5,80,10,28,53,134
2018,6,83,10,28,53,134
2018,7,90,11,28,53,134
2018,8,80,12,28,53,134
2018,9,68,13,28,52,134
2018,10,0,12,28,52,134
2018,11,0,13,28,52,134
2018,12,18,13,28,52,134
2018,13,-20,13,28,52,134
2018,14,-30,12,27,52,134
2018,15,-1,12,27,52,134
2018,16,-40,11,27,52,134
2018,17,-40,11,27,52,134
2018,18,-14,11,27,52,134
2018,19,-40,11,27,52,134
2018,20,-50,10,26,52,134
2018,21,-10,10,26,52,134
2018,22,-40,10,26,51,134
2018,23,-60,9,26,51,134
2019,0,-12,-0,6,58,136
2019,1,0,1,5,58,136
2019,2,10,2,5,58,136
2019,3,-5,1,4,57,136
2019,4,20,2,4,57,136
2019,5,20,2,3,57,136
2019,6,9,2,2,56,136
2019,7,50,3,2,56,136
2019,8,50,4,1,56,136
2019,9,36,5,1,56,136
2019,10,30,5,0,56,136
2019,11,30,6,-0,55,136
2019,12,20,7,-1,55,136
2019,13,10,7,-1,55,136
2019,14,0,7,-2,55,136
2019,15,6,8,-2,55,136
2019,16,-30,7,-3,55,136
2019,17,-10,7,-4,55,136
2019,18,-1,8,-4,55,136
2019,19,-30,7,-5,54,136
2019,20,-40,5,-6,54,136
2019,21,-10,6,-6,54,136
2019,22,-30,5,-7,54,136
2019,23,-40,3,-7,54,136
2020,0,-28,8,7,61,135
2020,1,-20,8,6,61,135
2020,2,0,8,6,61,135
2020,3,10,7,6,60,135
2020,4,30,7,6,60,135
2020,5,40,6,6,60,135
2020,6,39,6,6,60,135
2020,7,40,5,5,60,135
2020,8,30,4,5,59,135
2020,9,23,4,5,59,135
2020,10,-40,1,5,59,135
2020,11,-40,-2,5,59,135
2020,12,-7,-3,5,58,135
2020,13,-40,-6,4,58,135
2020,14,-50,-8,4,58,135
2020,15,-22,-9,4,58,135
2020,16,-60,-12,4,58,135
2020,17,-60,-14,4,58,135
2020,18,-42,-15,4,57,135
2020,19,-70,-17,3,57,135
2020,20,-60,-18,3,57,135
2020,21,-39,-19,3,57,135
2020,22,-60,-19,3,56,135
2020,23,-40,-19,3,56,135
2021,0,12,37,35,59,
2021,1,20,35,35,59,
2021,2,30,33,35,59,
2021,3,32,31,35,59,
2021,4,40,30,35,59,
2021,5,50,31,35,58,
2021,6,52,31,34,58,
2021,7,60,31,34,58,
2021,8,60,31,34,58,
2021,9,50,31,34,58,
2021,10,40,31,34,58,
2021,11,30,31,34,57,
2021,12,35,32,34,57,
2021,13,0,31,34,57,
2021,14,-10,29,34,57,
2021,15,2,30,34,57,
2021,16,-30,28,34,57,
2021,17,-40,25,34,57,
2021,18,-12,23,34,57,
2021,19,10,21,35,56,
2021,20,0,20,35,56,
2021,21,-20,18,35,56,
2021,22,-40,16,35,56,
2021,23,-40,14,35,56,
2022,0,-86,-76,30,66,134
2022,1,-60,-76,29,65,134
2022,2,-50,-76,28,65,134
2022,3,-40,-76,27,65,134
2022,4,-30,-75,27,65,134
2022,5,-20,-74,26,64,134
2022,6,-14,-72,25,64,134
2022,7,-20,-71,24,64,134
2022,8,-20,-69,23,64,134
2022,9,-36,-68,22,63,134
2022,10,-30,-66,22,63,134
2022,11,-30,-64,22,63,134
2022,12,-51,-63,21,63,134
2022,13,-50,-61,20,62,134
2022,14,-110,-61,20,62,134
2022,15,-63,-61,19,62,134
2022,16,-110,-61,18,62,134
2022,17,-130,-62,17,61,134
2022,18,-120,-64,16,61,134
2022,19,-120,-65,15,61,134
2022,20,-130,-66,14,61,134
2022,21,-51,-65,14,61,134
2022,22,-135,-66,13,61,134
2022,23,-140,-69,11,60,134
