YHM,temp
19490000,+0122
19490000,+0124
19490100,+0122
19490100,+0124
19490200,+0117
19490200,+0119
19490300,+0106
19490300,+0107
19490400,+0106
19490400,+0107
19490500,+0100
19490500,+0102
19490600,+0106
19490600,+0107
19490700,+0106
19490700,+0107
19490800,+0111
19490800,+0113
19490900,+0117
19490900,+0119
19491000,+0122
19491000,+0124
19491100,+0133
19491100,+0135
19491200,+0156
19491200,+0157
19491300,+0161
19491300,+0163
19491400,+0161
19491400,+0163
19491500,+0167
19491500,+0169
19491600,+0161
19491600,+0163
19491700,+0167
19491700,+0169
19491800,+0161
19491800,+0163
19491900,+0150
19491900,+0152
19492000,+0128
19492000,+0130
19492100,+0133
19492100,+0135
19492200,+0128
19492200,+0130
19492300,+0122
19492300,+0124
19500000,+0022
19500000,+0024
19500100,+0017
19500100,+0019
19500200,+0017
19500200,+0019
19500300,+0028
19500300,+0030
19500400,+0028
19500400,+0030
19500500,+0033
19500500,+0035
19500600,+0033
19500600,+0035
19500700,+0039
19500700,+0041
19500800,+0050
19500800,+0052
19500900,+0056
19500900,+0058
19501000,+0072
19501000,+0074
19501100,+0083
19501100,+0085
19501200,+0094
19501200,+0096
19501300,+0094
19501300,+0096
19501400,+0106
19501400,+0107
19501500,+0106
19501500,+0107
19501600,+0083
19501600,+0085
19501700,+0061
19501700,+0063
19501800,+0061
19501800,+0063
19501900,+0050
19501900,+0052
19502000,+0044
19502000,+0046
19502100,+0039
19502100,+0041
19502200,+0033
19502200,+0035
19502300,+0033
19502300,+0035
19510000,+0094
19510000,+0096
19510100,+0094
19510100,+0096
19510200,+0078
19510200,+0080
19510300,+0050
19510300,+0052
19510400,+0044
19510400,+0046
19510500,+0033
19510500,+0035
19510600,+0028
19510600,+0030
19510700,+0033
19510700,+0035
19510800,+0044
19510800,+0046
19510900,+0056
19510900,+0058
19511000,+0067
19511000,+0069
19511100,+0083
19511100,+0085
19511200,+0094
19511200,+0096
19511300,+0094
19511300,+0096
19511400,+0111
19511400,+0113
19511500,+0117
19511500,+0119
19511600,+0111
19511600,+0113
19511700,+0083
19511700,+0085
19511800,+0072
19511800,+0074
19511900,+0067
19511900,+0069
19512000,+0050
19512000,+0052
19512100,+0039
19512100,+0041
19512200,+0039
19512200,+0041
19512300,+0039
19512300,+0041
19520000,+0122
19520000,+0124
19520100,+0122
19520100,+0124
19520200,+0122
19520200,+0124
19520300,+0106
19520300,+0107
19520400,+0094
19520400,+0096
19520500,+0100
19520500,+0102
19520600,+0100
19520600,+0102
19520700,+0106
19520700,+0107
19520800,+0117
19520800,+0119
19520900,+0128
19520900,+0130
19521000,+0139
19521000,+0141
19521100,+0150
19521100,+0152
19521200,+0172
19521200,+0174
19521300,+0172
19521300,+0174
19521400,+0183
19521400,+0185
19521500,+0194
19521500,+0196
19521600,+0194
19521600,+0196
19521700,+0189
19521700,+0191
19521800,+0172
19521800,+0174
19521900,+0161
19521900,+0163
19522000,+0156
19522000,+0157
19522100,+0144
19522100,+0146
19522200,+0139
19522200,+0141
19522300,+0122
19522300,+0124
19530000,+0044
19530000,+0046
19530100,+0033
19530100,+0035
19530200,+0028
19530200,+0030
19530300,+0044
19530300,+0046
19530400,+0039
19530400,+0041
19530500,+0039
19530500,+0041
19530600,+0044
19530600,+0046
19530700,+0050
19530700,+0052
19530800,+0067
19530800,+0069
19530900,+0083
19530900,+0085
19531000,+0083
19531000,+0085
19531100,+0100
19531100,+0102
19531200,+0094
19531200,+0096
19531300,+0100
19531300,+0102
19531400,+0094
19531400,+0096
19531500,+0111
19531500,+0113
19531600,+0106
19531600,+0107
19531700,+0094
19531700,+0096
19531800,+0094
19531800,+0096
19531900,+0078
19531900,+0080
19532000,+0067
19532000,+0069
19532100,+0050
19532100,+0052
19532200,+0050
19532200,+0052
19532300,+0044
19532300,+0046
19540000,+0050
19540000,+0052
19540100,+0044
19540100,+0046
19540200,+0039
19540200,+0041
19540300,+0028
19540300,+0030
19540400,+0024
19540400,+0022
19540500,+0017
19540500,+0019
19540600,+0017
19540600,+0019
19540700,+0033
19540700,+0035
19540800,+0061
19540800,+0063
19540900,+0089
19540900,+0091
19541000,+0106
19541000,+0107
19541100,+0117
19541100,+0119
19541200,+0122
19541200,+0124
19541300,+0128
19541300,+0130
19541400,+0128
19541400,+0130
19541500,+0122
19541500,+0124
19541600,+0122
19541600,+0124
19541700,+0122
19541700,+0124
19541800,+0117
19541800,+0119
19541900,+0100
19541900,+0102
19542000,+0094
19542000,+0096
19542100,+0078
19542100,+0080
19542200,+0072
19542200,+0074
19542300,+0061
19542300,+0063
19550000,+0106
19550000,+0107
19550100,+0100
19550100,+0102
19550200,+0100
19550200,+0102
19550300,+0100
19550300,+0102
19550400,+0100
19550400,+0102
19550500,+0100
19550500,+0102
19550600,+0100
19550600,+0102
19550700,+0106
19550700,+0107
19550800,+0117
19550800,+0119
19550900,+0128
19550900,+0130
19551000,+0156
19551000,+0157
19551100,+0156
19551100,+0157
19551200,+0144
19551200,+0146
19551300,+0167
19551300,+0169
19551400,+0178
19551400,+0180
19551500,+0178
19551500,+0180
19551600,+0178
19551600,+0180
19551700,+0172
19551700,+0174
19551800,+0156
19551800,+0157
19551900,+0139
19551900,+0141
19552000,+0122
19552000,+0124
19552100,+0100
19552100,+0102
19552200,+0094
19552200,+0096
19552300,+0078
19552300,+0080
19560000,+0080
19560000,+0078
19560100,+0083
19560100,+0085
19560200,+0089
19560200,+0091
19560300,+0089
19560300,+0091
19560400,+0089
19560400,+0091
19560500,+0089
19560500,+0091
19560600,+0089
19560600,+0091
19560700,+0094
19560700,+0096
19560800,+0100
19560800,+0102
19560900,+0106
19560900,+0107
19561000,+0111
19561000,+0113
19561100,+0111
19561100,+0113
19561200,+0117
19561200,+0119
19561300,+0122
19561300,+0124
19561400,+0117
19561400,+0119
19561500,+0111
19561500,+0113
19561600,+0111
19561600,+0113
19561700,+0111
19561700,+0113
19561800,+0106
19561800,+0107
19561900,+0106
19561900,+0107
19562000,+0106
19562000,+0107
19562100,+0106
19562100,+0107
19562200,+0106
19562200,+0107
19562300,+0100
19562300,+0102
19570000,+0033
19570000,+0035
19570100,+0033
19570100,+0035
19570200,+0039
19570200,+0041
19570300,+0039
19570300,+0041
19570400,+0039
19570400,+0041
19570500,+0044
19570500,+0046
19570600,+0039
19570600,+0041
19570700,+0044
19570700,+0046
19570800,+0056
19570800,+0058
19570900,+0061
19570900,+0063
19571000,+0072
19571000,+0074
19571100,+0072
19571100,+0074
19571200,+0083
19571200,+0085
19571300,+0089
19571300,+0091
19571400,+0094
19571400,+0096
19571500,+0083
19571500,+0085
19571600,+0100
19571600,+0102
19571700,+0094
19571700,+0096
19571800,+0083
19571800,+0085
19571900,+0072
19571900,+0074
19572000,+0072
19572000,+0074
19572100,+0061
19572100,+0063
19572200,+0061
19572200,+0063
19572300,+0056
19572300,+0058
19580000,+0011
19580000,+0013
19580100,+0006
19580100,+0008
19580200,+0006
19580200,+0008
19580300,+0017
19580300,+0019
19580400,+0017
19580400,+0019
19580500,+0011
19580500,+0013
19580600,+0011
19580600,+0013
19580700,+0022
19580700,+0024
19580800,+0028
19580800,+0030
19580900,+0039
19580900,+0041
19581000,+0061
19581000,+0063
19581100,+0072
19581100,+0074
19581200,+0083
19581200,+0085
19581300,+0100
19581300,+0102
19581400,+0111
19581400,+0113
19581500,+0111
19581500,+0113
19581600,+0117
19581600,+0119
19581700,+0111
19581700,+0113
19581800,+0100
19581800,+0102
19581900,+0089
19581900,+0091
19582000,+0072
19582000,+0074
19582100,+0061
19582100,+0063
19582200,+0061
19582200,+0063
19582300,+0067
19582300,+0069
19730000,+0050
19730020,+0050
19730050,+0050
19730100,+0050
19730120,+0050
19730150,+0040
19730200,+0040
19730220,+0040
19730250,+0040
19730300,+0040
19730320,+0040
19730350,+0040
19730400,+0040
19730420,+0040
19730450,+0040
19730500,+0040
19730520,+0040
19730550,+0040
19730600,+0040
19730620,+0040
19730650,+0050
19730700,+0050
19730720,+0050
19730750,+0050
19730800,+0050
19730850,+0070
19730900,+0070
19730920,+0070
19730950,+0080
19731000,+0080
19731020,+0090
19731050,+0090
19731100,+0090
19731120,+0090
19731150,+0090
19731200,+0090
19731220,+0090
19731250,+0090
19731300,+0090
19731320,+0090
19731350,+0090
19731400,+0090
19731420,+0100
19731450,+0100
19731500,+0100
19731520,+0100
19731550,+0100
19731600,+0100
19731620,+0110
19731650,+0100
19731700,+0100
19731720,+0110
19731750,+0100
19731800,+0100
19731820,+0100
19731850,+0100
19731900,+0100
19731920,+0090
19731950,+0090
19732000,+0090
19732020,+0080
19732050,+0080
19732100,+0080
19732120,+0070
19732150,+0060
19732200,+0060
19732220,+0060
19732300,+0070
19732320,+0060
19732350,+0060
19740000,+0080
19740020,+0080
19740050,+0080
19740100,+0080
19740120,+0080
19740150,+0080
19740200,+0080
19740220,+0070
19740300,+0070
19740450,+0070
19740520,+0070
19740550,+0070
19740600,+0070
19740620,+0070
19740650,+0070
19740700,+0070
19740720,+0070
19740750,+0070
19740800,+0070
19740820,+0070
19740900,+0070
19741050,+0080
19741120,+0080
19741150,+0080
19741200,+0080
19741250,+0090
19741300,+0090
19741320,+0100
19741350,+0110
19741400,+0110
19741420,+0110
19741650,+0110
19741700,+0110
19741720,+0110
19741750,+0100
19741800,+0100
19741820,+0090
19741850,+0080
19741900,+0080
19741920,+0070
19741950,+0070
19742000,+0070
19742020,+0060
19742050,+0060
19742100,+0060
19742120,+0050
19742150,+0050
19742200,+0050
19742220,+0040
19742300,+0040
19742320,+0040
19750000,+0090
19750020,+0090
19750050,+0080
19750100,+0080
19750120,+0080
19750150,+0080
19750200,+0080
19750220,+0080
19750250,+0080
19750300,+0080
19750320,+0070
19750350,+0070
19750400,+0070
19750420,+0060
19750450,+0060
19750500,+0060
19750520,+0060
19750550,+0070
19750600,+0070
19750620,+0070
19750650,+0070
19750700,+0070
19750720,+0070
19750750,+0080
19750800,+0080
19750820,+0090
19750850,+0110
19750900,+0110
19750920,+0120
19750950,+0130
19751000,+0130
19751020,+0140
19751050,+0150
19751100,+0150
19751120,+0160
19751150,+0160
19751200,+0160
19751220,+0160
19751250,+0160
19751300,+0160
19751320,+0160
19751350,+0160
19751400,+0160
19751420,+0160
19751450,+0160
19751500,+0160
19751520,+0160
19751550,+0150
19751600,+0150
19751620,+0150
19751650,+0150
19751700,+0150
19751720,+0150
19751800,+0140
19751820,+0130
19751850,+0130
19751900,+0130
19751920,+0130
19751950,+0120
19752000,+0120
19752020,+0120
19752050,+0120
19752100,+0120
19752150,+0110
19752200,+0110
19752220,+0110
19752250,+0100
19752300,+0100
19752320,+0100
19752350,+0100
19760000,+0070
19760020,+0070
19760050,+0070
19760100,+0070
19760120,+0070
19760150,+0070
19760200,+0070
19760220,+0070
19760250,+0070
19760300,+0070
19760320,+0070
19760350,+0060
19760400,+0060
19760420,+0060
19760450,+0060
19760500,+0060
19760520,+0050
19760550,+0050
19760600,+0050
19760620,+0060
19760650,+0060
19760700,+0060
19760720,+0070
19760750,+0080
19760800,+0080
19760820,+0080
19760850,+0080
19760900,+0080
19760920,+0100
19760950,+0100
19761000,+0100
19761020,+0110
19761050,+0120
19761100,+0120
19761120,+0130
19761150,+0130
19761200,+0130
19761220,+0130
19761250,+0130
19761300,+0130
19761320,+0130
19761350,+0130
19761400,+0130
19761450,+0130
19761500,+0130
19761520,+0130
19761550,+0130
19761600,+0130
19761620,+0130
19761650,+0120
19761700,+0120
19761720,+0110
19761800,+0110
19761820,+0110
19761850,+0110
19761900,+0110
19761920,+0100
19761950,+0090
19762000,+0090
19762020,+0080
19762050,+0080
19762100,+0080
19762120,+0080
19762150,+0080
19762200,+0080
19762220,+0080
19762250,+0080
19762300,+0080
19762320,+0080
19762350,+0080
19770000,+0110
19770020,+0110
19770050,+0110
19770100,+0110
19770120,+0110
19770150,+0110
19770200,+0110
19770220,+0110
19770250,+0110
19770300,+0110
19770320,+0110
19770350,+0100
19770400,+0100
19770420,+0100
19770450,+0110
19770500,+0110
19770520,+0110
19770550,+0110
19770600,+0110
19770620,+0110
19770650,+0110
19770700,+0110
19770720,+0110
19770750,+0110
19770820,+0110
19770850,+0100
19770900,+0110
19770920,+0090
19770950,+0110
19771000,+0110
19771020,+0110
19771050,+0130
19771100,+0130
19771120,+0130
19771150,+0140
19771200,+0140
19771220,+0140
19771250,+0140
19771300,+0140
19771320,+0140
19771400,+0150
19771420,+0150
19771450,+0140
19771500,+0140
19771520,+0140
19771550,+0140
19771600,+0140
19771620,+0130
19771650,+0130
19771700,+0130
19771720,+0130
19771750,+0120
19771800,+0120
19771820,+0110
19771900,+0100
19771920,+0100
19771950,+0100
19772000,+0100
19772020,+0090
19772050,+0090
19772100,+0090
19772120,+0090
19772150,+0090
19772200,+0090
19772220,+0090
19772250,+0080
19772300,+0080
19772320,+0070
19772350,+0060
19780000,+0010
19780020,+0010
19780050,+0010
19780100,+0010
19780120,+0000
19780150,+0000
19780200,+0000
19780220,-0010
19780250,-0010
19780300,-0010
19780320,-0010
19780350,-0010
19780400,-0010
19780420,-0010
19780450,-0010
19780500,-0010
19780520,-0010
19780550,-0010
19780600,-0010
19780620,+0000
19780650,+0010
19780700,+0010
19780720,+0010
19780800,+0020
19780820,+0030
19780850,+0040
19780900,+0040
19780950,+0030
19781000,+0030
19781020,+0030
19781050,+0030
19781100,+0030
19781120,+0030
19781150,+0030
19781200,+0030
19781220,+0030
19781250,+0040
19781300,+0040
19781320,+0050
19781350,+0050
19781400,+0050
19781450,+0050
19781500,+0050
19781520,+0060
19781550,+0060
19781600,+0060
19781620,+0060
19781650,+0060
19781700,+0060
19781720,+0060
19781800,+0060
19781820,+0060
19781850,+0060
19781900,+0060
19781920,+0060
19781950,+0060
19782000,+0060
19782020,+0060
19782050,+0050
19782100,+0050
19782120,+0040
19782150,+0030
19782200,+0030
19782220,+0020
19782250,+0020
19782300,+0020
19782320,+0020
19782350,+0020
19790000,+0080
19790020,+0080
19790050,+0080
19790100,+0080
19790120,+0090
19790150,+0090
19790200,+0090
19790220,+0090
19790250,+0090
19790300,+0090
19790320,+0090
19790350,+0090
19790400,+0090
19790420,+0090
19790450,+0090
19790500,+0090
19790520,+0090
19790550,+0090
19790600,+0090
19790620,+0090
19790650,+0100
19790700,+0100
19790720,+0100
19790750,+0100
19790800,+0100
19790850,+0110
19790900,+0110
19790920,+0130
19790950,+0130
19791000,+0130
19791020,+0130
19791050,+0140
19791100,+0140
19791120,+0140
19791150,+0140
19791200,+0140
19791250,+0150
19791300,+0150
19791320,+0150
19791350,+0160
19791400,+0160
19791420,+0160
19791450,+0160
19791500,+0160
19791520,+0160
19791550,+0170
19791600,+0170
19791620,+0170
19791650,+0170
19791700,+0170
19791720,+0170
19791750,+0160
19791800,+0160
19791820,+0160
19791850,+0150
19791900,+0150
19791920,+0150
19791950,+0140
19792000,+0140
19792020,+0140
19792050,+0140
19792100,+0140
19792120,+0130
19792150,+0130
19792200,+0130
19792220,+0130
19792250,+0120
19792300,+0120
19792320,+0120
19792350,+0110
19800000,+0080
19800020,+0080
19800050,+0080
19800100,+0080
19800120,+0080
19800150,+0080
19800200,+0080
19800220,+0080
19800250,+0080
19800300,+0080
19800320,+0080
19800350,+0070
19800400,+0070
19800420,+0070
19800450,+0080
19800500,+0080
19800520,+0080
19800550,+0080
19800600,+0080
19800620,+0090
19800650,+0100
19800700,+0100
19800720,+0110
19800750,+0120
19800800,+0120
19800820,+0130
19800850,+0140
19800900,+0140
19800920,+0150
19800950,+0160
19801000,+0160
19801020,+0170
19801050,+0180
19801100,+0180
19801120,+0190
19801150,+0190
19801200,+0190
19801300,+0200
19801350,+0200
19801400,+0200
19801420,+0190
19801450,+0190
19801500,+0190
19801520,+0190
19801550,+0180
19801600,+0180
19801620,+0180
19801650,+0180
19801700,+0180
19801720,+0170
19801750,+0170
19801800,+0170
19801820,+0170
19801850,+0160
19801900,+0160
19801920,+0160
19801950,+0150
19802000,+0150
19802020,+0140
19802050,+0140
19802100,+0140
19802120,+0130
19802150,+0130
19802200,+0130
19802220,+0120
19802250,+0120
19802300,+0120
19802320,+0110
19802350,+0110
19810000,+0100
19810020,+0090
19810100,+0090
19810120,+0090
19810200,+0090
19810220,+0090
19810300,+0090
19810350,+0090
19810400,+0090
19810550,+0100
19810600,+0100
19810620,+0100
19810650,+0100
19810700,+0100
19810720,+0090
19810750,+0090
19810800,+0090
19810820,+0090
19810850,+0090
19810900,+0090
19810920,+0090
19811000,+0090
19811020,+0100
19811050,+0100
19811100,+0100
19811120,+0100
19811150,+0110
19811200,+0110
19811220,+0110
19811250,+0120
19811300,+0120
19811320,+0120
19811350,+0120
19811400,+0120
19811420,+0120
19811450,+0120
19811500,+0120
19811520,+0120
19811550,+0110
19811600,+0110
19811620,+0110
19811650,+0110
19811700,+0110
19811720,+0110
19811750,+0100
19811800,+0100
19811820,+0100
19811850,+0090
19811900,+0090
19811920,+0090
19811950,+0090
19812000,+0090
19812020,+0090
19812050,+0080
19812100,+0080
19812120,+0080
19812150,+0080
19812200,+0080
19812220,+0070
19812250,+0070
19812300,+0070
19812320,+0070
19812350,+0070
19820000,+0018
19820020,+0010
19820050,+0010
19820100,+0012
19820120,+0010
19820150,+0010
19820200,+0011
19820220,+0010
19820250,+0010
19820300,+0012
19820320,+0010
19820350,+0000
19820400,+0002
19820420,+0010
19820450,+0010
19820500,+0008
19820520,+0010
19820550,+0020
19820600,+0019
19820620,+0020
19820650,+0040
19820700,+0036
19820720,+0040
19820750,+0050
19820800,+0050
19820820,+0050
19820850,+0070
19820900,+0065
19820920,+0070
19820950,+0070
19821000,+0072
19821020,+0080
19821050,+0090
19821100,+0086
19821120,+0090
19821150,+0090
19821200,+0085
19821220,+0090
19821250,+0080
19821300,+0083
19821320,+0090
19821350,+0090
19821400,+0095
19821420,+0090
19821450,+0090
19821500,+0094
19821520,+0100
19821550,+0100
19821600,+0098
19821620,+0100
19821650,+0100
19821700,+0097
19821720,+0090
19821750,+0090
19821800,+0087
19821820,+0090
19821900,+0081
19821920,+0070
19821950,+0070
19822000,+0072
19822020,+0070
19822050,+0070
19822100,+0067
19822120,+0060
19822150,+0060
19822200,+0059
19822220,+0060
19822250,+0050
19822300,+0055
19822350,+0050
19830000,+0027
19830020,+0010
19830050,+0010
19830100,+0010
19830120,+0010
19830150,+0000
19830200,+0002
19830220,+0010
19830250,-0010
19830300,-0005
19830320,-0010
19830350,+0000
19830400,-0002
19830420,+0010
19830450,+0010
19830500,+0006
19830520,+0010
19830550,+0020
19830600,+0016
19830620,+0030
19830650,+0030
19830700,+0035
19830720,+0040
19830750,+0040
19830800,+0042
19830820,+0060
19830850,+0060
19830900,+0063
19830920,+0080
19830950,+0090
19831000,+0085
19831020,+0100
19831050,+0100
19831100,+0101
19831120,+0110
19831150,+0110
19831200,+0107
19831220,+0110
19831250,+0120
19831300,+0118
19831320,+0120
19831350,+0110
19831400,+0115
19831420,+0110
19831450,+0100
19831500,+0100
19831520,+0110
19831550,+0110
19831600,+0105
19831620,+0110
19831650,+0100
19831700,+0103
19831720,+0100
19831750,+0090
19831800,+0091
19831820,+0090
19831850,+0080
19831900,+0084
19831920,+0070
19831950,+0080
19832000,+0076
19832020,+0080
19832050,+0070
19832100,+0075
19832120,+0080
19832150,+0080
19832200,+0077
19832300,+0075
19840000,+0051
19840020,+0050
19840050,+0050
19840100,+0049
19840120,+0050
19840150,+0050
19840200,+0047
19840220,+0050
19840250,+0040
19840300,+0037
19840320,+0030
19840350,+0030
19840400,+0032
19840420,+0030
19840450,+0030
19840500,+0025
19840520,+0030
19840550,+0030
19840600,+0027
19840620,+0040
19840650,+0050
19840700,+0046
19840720,+0050
19840750,+0060
19840800,+0062
19840820,+0080
19840850,+0090
19840900,+0090
19840920,+0100
19840950,+0110
19841000,+0109
19841050,+0120
19841100,+0120
19841120,+0120
19841150,+0130
19841200,+0130
19841220,+0130
19841250,+0140
19841300,+0136
19841320,+0140
19841350,+0150
19841400,+0148
19841420,+0140
19841450,+0140
19841500,+0143
19841520,+0140
19841550,+0140
19841600,+0143
19841620,+0140
19841650,+0140
19841700,+0137
19841720,+0130
19841750,+0130
19841800,+0130
19841820,+0130
19841850,+0110
19841900,+0115
19841920,+0110
19841950,+0100
19842000,+0099
19842020,+0090
19842050,+0090
19842100,+0086
19842120,+0080
19842150,+0080
19842200,+0076
19842220,+0070
19842250,+0060
19842300,+0062
19842320,+0060
19842350,+0050
19850000,+0075
19850020,+0070
19850050,+0070
19850100,+0071
19850120,+0070
19850150,+0070
19850200,+0072
19850220,+0070
19850250,+0070
19850300,+0067
19850320,+0070
19850350,+0070
19850400,+0066
19850420,+0070
19850450,+0060
19850500,+0062
19850520,+0070
19850550,+0070
19850600,+0065
19850620,+0070
19850650,+0070
19850700,+0066
19850720,+0070
19850750,+0070
19850800,+0069
19850820,+0070
19850850,+0080
19850900,+0080
19850920,+0080
19850950,+0080
19851000,+0079
19851020,+0100
19851050,+0110
19851120,+0110
19851150,+0110
19851200,+0112
19851220,+0110
19851250,+0110
19851300,+0115
19851320,+0120
19851350,+0090
19851400,+0085
19851420,+0090
19851450,+0110
19851500,+0105
19851520,+0100
19851550,+0110
19851600,+0110
19851620,+0100
19851650,+0110
19851700,+0105
19851720,+0100
19851750,+0100
19851800,+0099
19851820,+0090
19851850,+0090
19851900,+0085
19851920,+0080
19851950,+0080
19852000,+0081
19852020,+0080
19852050,+0080
19852100,+0077
19852120,+0070
19852150,+0080
19852200,+0076
19852220,+0070
19852250,+0080
19852300,+0077
19852320,+0080
19852350,+0080
19860000,+0021
19860020,+0020
19860050,+0020
19860100,+0016
19860120,+0010
19860150,+0010
19860200,+0009
19860220,+0010
19860250,+0010
19860300,+0005
19860320,+0010
19860350,+0000
19860400,+0001
19860420,+0000
19860450,+0000
19860500,-0001
19860520,-0010
19860550,+0000
19860600,-0001
19860620,+0000
19860650,+0000
19860700,+0003
19860720,+0000
19860750,+0010
19860800,+0014
19860820,+0030
19860850,+0030
19860900,+0030
19860920,+0040
19860950,+0060
19861000,+0060
19861020,+0070
19861050,+0080
19861100,+0082
19861120,+0090
19861150,+0090
19861200,+0086
19861220,+0090
19861250,+0090
19861300,+0090
19861320,+0090
19861350,+0090
19861400,+0090
19861420,+0090
19861450,+0080
19861500,+0082
19861520,+0070
19861550,+0060
19861600,+0061
19861620,+0060
19861650,+0060
19861700,+0057
19861720,+0060
19861750,+0060
19861800,+0061
19861820,+0060
19861850,+0060
19861900,+0060
19861920,+0060
19861950,+0060
19862000,+0056
19862020,+0050
19862050,+0050
19862100,+0053
19862120,+0050
19862150,+0050
19862200,+0053
19862220,+0050
19862250,+0050
19862300,+0053
19862320,+0050
19862350,+0050
19870000,+0057
19870020,+0060
19870050,+0060
19870100,+0057
19870120,+0050
19870150,+0050
19870200,+0050
19870220,+0060
19870250,+0060
19870320,+0050
19870350,+0050
19870420,+0050
19870450,+0050
19870520,+0060
19870550,+0060
19870600,+0059
19870620,+0060
19870650,+0070
19870700,+0067
19870720,+0070
19870750,+0070
19870800,+0075
19870820,+0080
19870850,+0090
19870900,+0093
19870920,+0100
19870950,+0100
19871000,+0102
19871020,+0110
19871050,+0110
19871100,+0106
19871120,+0110
19871150,+0110
19871200,+0114
19871220,+0110
19871250,+0110
19871300,+0108
19871420,+0110
19871450,+0110
19871500,+0110
19871520,+0110
19871550,+0110
19871600,+0106
19871620,+0110
19871650,+0110
19871700,+0105
19871720,+0110
19871750,+0110
19871800,+0108
19871820,+0110
19871850,+0110
19871900,+0105
19871920,+0110
19871950,+0110
19872000,+0105
19872020,+0100
19872050,+0100
19872100,+0103
19872120,+0100
19872150,+0100
19872200,+0098
19872250,+0090
19872300,+0090
19872320,+0090
19872350,+0080
19880000,+0044
19880020,+0040
19880050,+0040
19880100,+0040
19880120,+0040
19880150,+0030
19880200,+0035
19880220,+0030
19880250,+0030
19880300,+0032
19880320,+0030
19880350,+0030
19880400,+0028
19880420,+0030
19880450,+0030
19880500,+0027
19880520,+0030
19880600,+0030
19880700,+0040
19880750,+0060
19880800,+0060
19880820,+0070
19880850,+0070
19880900,+0071
19880920,+0080
19881000,+0085
19881100,+0090
19881150,+0100
19881200,+0096
19881250,+0100
19881300,+0098
19881320,+0110
19881350,+0100
19881400,+0104
19881420,+0110
19881450,+0110
19881500,+0109
19881520,+0110
19881550,+0110
19881600,+0110
19881620,+0100
19881650,+0100
19881700,+0100
19881720,+0090
19881750,+0080
19881800,+0082
19881820,+0070
19881850,+0060
19881900,+0063
19881920,+0050
19881950,+0050
19882000,+0051
19882020,+0050
19882050,+0040
19882100,+0041
19882120,+0040
19882150,+0030
19882200,+0033
19882220,+0020
19882250,+0020
19882300,+0022
19882320,+0020
19882350,+0020
19890000,+0083
19890020,+0080
19890050,+0070
19890100,+0074
19890120,+0070
19890150,+0080
19890200,+0076
19890220,+0080
19890250,+0070
19890300,+0075
19890320,+0070
19890350,+0070
19890400,+0074
19890420,+0070
19890450,+0070
19890500,+0073
19890520,+0070
19890600,+0073
19890650,+0080
19890700,+0080
19890720,+0090
19890750,+0090
19890800,+0090
19890820,+0090
19890850,+0090
19890900,+0094
19890920,+0100
19890950,+0100
19891000,+0104
19891020,+0110
19891100,+0110
19891150,+0110
19891200,+0114
19891220,+0120
19891250,+0130
19891300,+0127
19891320,+0140
19891350,+0140
19891352,+0140
19891400,+0138
19891420,+0140
19891450,+0140
19891500,+0137
19891520,+0130
19891550,+0130
19891600,+0133
19891620,+0130
19891650,+0130
19891700,+0133
19891720,+0130
19891750,+0130
19891820,+0130
19891850,+0120
19891900,+0118
19891920,+0110
19891950,+0100
19892000,+0103
19892020,+0100
19892050,+0080
19892100,+0078
19892120,+0070
19892150,+0070
19892200,+0069
19892220,+0070
19892250,+0070
19892300,+0071
19892320,+0070
19892350,+0070
19900000,+0095
19900020,+0090
19900050,+0090
19900100,+0092
19900120,+0090
19900200,+0081
19900220,+0080
19900250,+0080
19900300,+0081
19900320,+0080
19900350,+0080
19900400,+0080
19900420,+0080
19900450,+0080
19900500,+0078
19900520,+0080
19900550,+0080
19900600,+0084
19900620,+0090
19900650,+0090
19900700,+0093
19900720,+0100
19900750,+0100
19900800,+0100
19900820,+0090
19900900,+0086
19900950,+0050
19901000,+0055
19901020,+0050
19901050,+0050
19901100,+0051
19901120,+0050
19901150,+0050
19901200,+0050
19901220,+0050
19901300,+0056
19901320,+0060
19901350,+0060
19901400,+0064
19901420,+0070
19901450,+0080
19901500,+0080
19901520,+0090
19901550,+0090
19901600,+0086
19901620,+0090
19901650,+0090
19901700,+0085
19901720,+0060
19901750,+0060
19901800,+0059
19901820,+0060
19901850,+0060
19901900,+0056
19901920,+0060
19901950,+0060
19902000,+0056
19902020,+0050
19902050,+0050
19902100,+0055
19902120,+0040
19902150,+0050
19902200,+0045
19902220,+0030
19902250,+0030
19902300,+0035
19902320,+0030
19910000,+0137
19910020,+0130
19910050,+0130
19910100,+0130
19910120,+0120
19910150,+0130
19910200,+0125
19910220,+0120
19910250,+0120
19910300,+0122
19910320,+0120
19910350,+0120
19910400,+0119
19910420,+0120
19910450,+0110
19910500,+0107
19910520,+0120
19910550,+0120
19910600,+0122
19910620,+0120
19910650,+0110
19910700,+0108
19910720,+0110
19910750,+0110
19910800,+0105
19910820,+0110
19910850,+0110
19910900,+0115
19910920,+0120
19910950,+0130
19911000,+0131
19911020,+0140
19911050,+0150
19911100,+0154
19911120,+0160
19911150,+0170
19911200,+0165
19911220,+0170
19911250,+0170
19911300,+0174
19911320,+0170
19911350,+0170
19911400,+0169
19911420,+0160
19911450,+0160
19911500,+0157
19911520,+0150
19911550,+0140
19911600,+0137
19911620,+0130
19911650,+0120
19911700,+0117
19911720,+0110
19911750,+0100
19911800,+0102
19911820,+0090
19911850,+0090
19911900,+0091
19911920,+0090
19911950,+0090
19912000,+0088
19912020,+0090
19912050,+0080
19912100,+0083
19912120,+0080
19912150,+0080
19912200,+0081
19912220,+0080
19912250,+0080
19912300,+0080
19912320,+0080
19912350,+0080
19920000,+0051
19920020,+0050
19920050,+0050
19920100,+0052
19920120,+0050
19920150,+0050
19920200,+0050
19920220,+0050
19920250,+0060
19920300,+0058
19920320,+0060
19920350,+0060
19920400,+0062
19920420,+0060
19920450,+0060
19920500,+0064
19920520,+0070
19920550,+0060
19920600,+0064
19920620,+0070
19920650,+0070
19920700,+0070
19920720,+0070
19920750,+0090
19920800,+0085
19920820,+0090
19920850,+0090
19920900,+0091
19920920,+0100
19920950,+0100
19921020,+0100
19921050,+0100
19921120,+0110
19921150,+0120
19921200,+0117
19921220,+0110
19921250,+0130
19921320,+0130
19921350,+0130
19921420,+0130
19921450,+0130
19921500,+0127
19921520,+0120
19921550,+0120
19921620,+0120
19921650,+0110
19921720,+0110
19921750,+0110
19921800,+0105
19921820,+0100
19921850,+0100
19921920,+0090
19921950,+0090
19922020,+0090
19922050,+0080
19922100,+0083
19922120,+0080
19922150,+0090
19922220,+0080
19922250,+0080
19922320,+0080
19922350,+0080
19930000,+0074
19930020,+0070
19930050,+0060
19930100,+0063
19930120,+0060
19930150,+0060
19930200,+0063
19930220,+0060
19930250,+0060
19930300,+0062
19930320,+0070
19930350,+0070
19930400,+0065
19930420,+0070
19930500,+0064
19930520,+0060
19930550,+0060
19930600,+0058
19930620,+0060
19930650,+0050
19930700,+0055
19930720,+0060
19930750,+0060
19930800,+0060
19930820,+0060
19930850,+0070
19930900,+0067
19930920,+0080
19930950,+0080
19931000,+0083
19931020,+0090
19931050,+0090
19931100,+0090
19931120,+0090
19931150,+0100
19931220,+0100
19931250,+0100
19931300,+0103
19931320,+0100
19931350,+0110
19931400,+0108
19931420,+0110
19931450,+0110
19931500,+0110
19931520,+0120
19931550,+0120
19931600,+0121
19931620,+0120
19931650,+0120
19931700,+0122
19931720,+0120
19931750,+0110
19931800,+0112
19931820,+0110
19931850,+0110
19931900,+0105
19931920,+0100
19931950,+0090
19932000,+0095
19932020,+0090
19932050,+0090
19932100,+0087
19932120,+0080
19932150,+0080
19932200,+0078
19932220,+0080
19932250,+0080
19932300,+0080
19932320,+0080
19932350,+0070
19940000,+0051
19940100,+0052
19940200,+0048
19940300,+0048
19940400,+0049
19940500,+0053
19940600,+0058
19940700,+0059
19940800,+0060
19940900,+0068
19941000,+0068
19941100,+0082
19941200,+0099
19941300,+0101
19941400,+0104
19941500,+0096
19941600,+0098
19941700,+0094
19941800,+0089
19941900,+0079
19942000,+0067
19942100,+0065
19942200,+0057
19942300,+0050
19950000,+0083
19950100,+0073
19950200,+0058
19950300,+0049
19950400,+0050
19950500,+0049
19950600,+0048
19950700,+0058
19950800,+0077
19950900,+0100
19951000,+0110
19951100,+0127
19951200,+0138
19951300,+0143
19951400,+0151
19951500,+0157
19951600,+0159
19951700,+0157
19951800,+0150
19951900,+0140
19952000,+0128
19952050,+0120
19952150,+0100
19952320,+0090
19952350,+0080
19960020,+0030
19960100,+0033
19960200,+0035
19960300,+0036
19960400,+0039
19960500,+0040
19960600,+0040
19960700,+0043
19960800,+0055
19960900,+0066
19961000,+0074
19961100,+0085
19961200,+0095
19961300,+0100
19961400,+0100
19961500,+0102
19961600,+0098
19961700,+0091
19961800,+0077
19961900,+0058
19962000,+0051
19962100,+0042
19962200,+0046
19962300,+0040
19970000,+0082
19970100,+0078
19970200,+0076
19970300,+0075
19970400,+0063
19970500,+0068
19970600,+0071
19970700,+0077
19970800,+0090
19970900,+0102
19971000,+0125
19971100,+0135
19971200,+0146
19971300,+0150
19971400,+0156
19971500,+0163
19971600,+0165
19971700,+0160
19971800,+0156
19971900,+0146
19972000,+0140
19972100,+0115
19972200,+0099
19972300,+0095
19980000,+0016
19980100,+0010
19980200,+0007
19980300,+0006
19980400,+0011
19980500,+0019
19980600,+0018
19980700,+0020
19980800,+0037
19980900,+0052
19981000,+0061
19981100,+0071
19981200,+0075
19981300,+0079
19981400,+0086
19981500,+0066
19981600,+0084
19981700,+0053
19981800,+0025
19981900,+0028
19982000,+0028
19982100,+0024
19982200,+0018
19982300,+0014
19990000,+0076
19990100,+0070
19990200,+0060
19990300,+0058
19990400,+0058
19990500,+0056
19990600,+0056
19990700,+0053
19990800,+0072
19990900,+0087
19991000,+0092
19991050,+0080
19991100,+0083
19991200,+0073
19991220,+0050
19991300,+0063
19991400,+0077
19991420,+0080
19991500,+0079
19991600,+0088
19991650,+0080
19991700,+0080
19991800,+0065
19991900,+0053
19992000,+0049
19992100,+0041
19992200,+0033
19992300,+0025
20000000,+0041
20000050,+0040
20000100,+0040
20000150,+0040
20000200,+0039
20000250,+0040
20000300,+0040
20000350,+0050
20000400,+0045
20000450,+0040
20000500,+0041
20000550,+0040
20000600,+0044
20000650,+0040
20000700,+0042
20000750,+0050
20000800,+0045
20000850,+0050
20000900,+0048
20000950,+0050
20001000,+0048
20001050,+0050
20001100,+0054
20001150,+0070
20001200,+0069
20001250,+0080
20001300,+0077
20001350,+0080
20001400,+0078
20001450,+0070
20001500,+0069
20001520,+0060
20001550,+0070
20001600,+0069
20001620,+0070
20001650,+0070
20001700,+0073
20001750,+0070
20001800,+0070
20001850,+0060
20001900,+0061
20001950,+0060
20002000,+0060
20002050,+0060
20002100,+0057
20002150,+0060
20002200,+0055
20002250,+0050
20002300,+0051
20002350,+0050
20010000,+0071
20010050,+0070
20010100,+0066
20010150,+0060
20010200,+0061
20010250,+0050
20010300,+0053
20010350,+0050
20010400,+0050
20010450,+0050
20010500,+0051
20010550,+0050
20010600,+0050
20010650,+0050
20010700,+0051
20010750,+0050
20010800,+0053
20010850,+0070
20010900,+0065
20010950,+0080
20011000,+0082
20011050,+0080
20011100,+0083
20011150,+0090
20011200,+0091
20011250,+0100
20011300,+0097
20011350,+0100
20011400,+0096
20011450,+0100
20011500,+0102
20011550,+0100
20011600,+0102
20011650,+0100
20011700,+0099
20011750,+0090
20011800,+0091
20011850,+0080
20011900,+0081
20011950,+0070
20012000,+0074
20012050,+0060
20012100,+0058
20012150,+0050
20012200,+0047
20012250,+0040
20012300,+0037
20012350,+0040
20020000,+0059
20020050,+0060
20020100,+0058
20020150,+0050
20020200,+0047
20020250,+0040
20020300,+0042
20020350,+0040
20020400,+0039
20020450,+0040
20020500,+0038
20020550,+0040
20020600,+0038
20020650,+0050
20020700,+0049
20020750,+0060
20020800,+0064
20020850,+0080
20020900,+0075
20020950,+0090
20021000,+0086
20021150,+0090
20021200,+0090
20021250,+0090
20021300,+0089
20021350,+0110
20021400,+0111
20021450,+0100
20021500,+0100
20021550,+0110
20021600,+0105
20021650,+0100
20021700,+0097
20021750,+0100
20021800,+0095
20021850,+0080
20021900,+0084
20021950,+0080
20022000,+0082
20022050,+0070
20022100,+0074
20022150,+0070
20022200,+0068
20022250,+0060
20022300,+0058
20022350,+0050
20030000,+0089
20030020,+0090
20030050,+0080
20030100,+0083
20030120,+0080
20030150,+0060
20030200,+0063
20030220,+0060
20030250,+0060
20030300,+0064
20030320,+0060
20030350,+0060
20030400,+0060
20030420,+0060
20030450,+0060
20030500,+0061
20030520,+0060
20030550,+0060
20030600,+0064
20030620,+0070
20030650,+0080
20030700,+0079
20030720,+0080
20030750,+0100
20030800,+0097
20030820,+0110
20030850,+0130
20030900,+0131
20030920,+0150
20030950,+0160
20031000,+0156
20031020,+0160
20031050,+0160
20031100,+0164
20031120,+0170
20031150,+0170
20031200,+0174
20031220,+0170
20031250,+0180
20031300,+0180
20031320,+0180
20031350,+0180
20031400,+0178
20031420,+0180
20031450,+0180
20031500,+0178
20031520,+0170
20031550,+0180
20031600,+0176
20031620,+0170
20031650,+0170
20031700,+0165
20031720,+0160
20031750,+0160
20031800,+0159
20031820,+0160
20031850,+0150
20031900,+0151
20031920,+0140
20031950,+0140
20032000,+0143
20032020,+0140
20032050,+0140
20032100,+0137
20032120,+0140
20032150,+0130
20032200,+0134
20032220,+0130
20032250,+0130
20032300,+0134
20032320,+0140
20032350,+0140
20040000,+0108
20040020,+0110
20040050,+0110
20040100,+0108
20040120,+0100
20040150,+0100
20040200,+0098
20040220,+0100
20040250,+0100
20040300,+0095
20040320,+0090
20040350,+0090
20040400,+0087
20040420,+0080
20040450,+0080
20040500,+0076
20040520,+0070
20040550,+0070
20040600,+0073
20040620,+0080
20040650,+0080
20040700,+0079
20040720,+0090
20040750,+0090
20040800,+0094
20040820,+0100
20040850,+0100
20040900,+0095
20040920,+0090
20040950,+0090
20041000,+0092
20041020,+0100
20041050,+0110
20041100,+0106
20041120,+0110
20041150,+0120
20041200,+0121
20041220,+0130
20041250,+0140
20041300,+0138
20041320,+0140
20041350,+0140
20041400,+0135
20041420,+0140
20041450,+0140
20041500,+0136
20041520,+0130
20041550,+0130
20041600,+0133
20041620,+0140
20041650,+0130
20041700,+0134
20041720,+0140
20041750,+0130
20041800,+0134
20041820,+0130
20041850,+0130
20041900,+0129
20041920,+0120
20041950,+0120
20042000,+0117
20042020,+0120
20042050,+0110
20042100,+0109
20042120,+0110
20042150,+0100
20042200,+0103
20042220,+0100
20042250,+0090
20042300,+0090
20042320,+0080
20042350,+0080
20050000,+0092
20050020,+0090
20050050,+0090
20050100,+0087
20050120,+0080
20050150,+0080
20050200,+0079
20050220,+0080
20050250,+0080
20050300,+0077
20050320,+0080
20050350,+0070
20050400,+0074
20050420,+0070
20050450,+0070
20050500,+0074
20050520,+0070
20050550,+0070
20050600,+0072
20050620,+0070
20050650,+0070
20050700,+0072
20050720,+0070
20050750,+0070
20050800,+0073
20050820,+0080
20050850,+0080
20050900,+0083
20050920,+0090
20050950,+0090
20051000,+0093
20051020,+0100
20051050,+0100
20051100,+0098
20051120,+0100
20051150,+0110
20051200,+0111
20051220,+0120
20051250,+0120
20051300,+0118
20051320,+0120
20051350,+0120
20051400,+0123
20051420,+0130
20051450,+0130
20051500,+0127
20051520,+0130
20051550,+0120
20051600,+0124
20051620,+0120
20051650,+0120
20051700,+0118
20051720,+0120
20051750,+0120
20051800,+0116
20051820,+0110
20051850,+0100
20051900,+0103
20051920,+0100
20051950,+0100
20052000,+0098
20052020,+0100
20052050,+0100
20052100,+0098
20052120,+0100
20052150,+0090
20052200,+0092
20052220,+0090
20052250,+0090
20052300,+0089
20052320,+0080
20052350,+0080
20060000,+0099
20060020,+0090
20060050,+0090
20060100,+0096
20060120,+0090
20060150,+0090
20060200,+0097
20060220,+0090
20060250,+0100
20060300,+0099
20060320,+0100
20060350,+0100
20060400,+0099
20060420,+0100
20060450,+0100
20060500,+0097
20060520,+0100
20060550,+0100
20060600,+0105
20060620,+0100
20060650,+0110
20060700,+0110
20060720,+0110
20060750,+0110
20060800,+0116
20060820,+0110
20060850,+0120
20060900,+0123
20060920,+0120
20060950,+0130
20061000,+0134
20061020,+0130
20061050,+0120
20061100,+0133
20061120,+0130
20061150,+0140
20061200,+0141
20061220,+0140
20061250,+0140
20061300,+0150
20061320,+0150
20061350,+0150
20061400,+0151
20061420,+0150
20061450,+0140
20061500,+0143
20061520,+0130
20061550,+0130
20061600,+0139
20061620,+0140
20061650,+0140
20061700,+0137
20061720,+0130
20061750,+0120
20061800,+0128
20061820,+0120
20061850,+0120
20061900,+0122
20061920,+0120
20061950,+0120
20062000,+0114
20062020,+0110
20062050,+0110
20062100,+0110
20062120,+0110
20062150,+0100
20062200,+0105
20062220,+0100
20062250,+0090
20062300,+0090
20062320,+0090
20062350,+0080
20070000,+0105
20070020,+0100
20070050,+0100
20070100,+0101
20070120,+0100
20070150,+0090
20070200,+0096
20070220,+0090
20070250,+0090
20070300,+0090
20070320,+0090
20070350,+0090
20070400,+0084
20070420,+0090
20070450,+0090
20070500,+0088
20070520,+0090
20070550,+0090
20070600,+0085
20070620,+0090
20070650,+0090
20070700,+0094
20070720,+0100
20070750,+0120
20070800,+0117
20070820,+0120
20070850,+0120
20070900,+0123
20070920,+0130
20070950,+0130
20071000,+0137
20071020,+0140
20071050,+0150
20071100,+0147
20071120,+0150
20071150,+0150
20071200,+0154
20071220,+0160
20071250,+0170
20071300,+0169
20071320,+0170
20071350,+0180
20071400,+0174
20071420,+0180
20071450,+0180
20071500,+0180
20071520,+0180
20071550,+0180
20071600,+0182
20071620,+0180
20071650,+0170
20071700,+0174
20071720,+0170
20071750,+0160
20071800,+0163
20071820,+0160
20071850,+0150
20071900,+0151
20071920,+0150
20071950,+0140
20072000,+0142
20072020,+0140
20072050,+0130
20072100,+0131
20072120,+0120
20072150,+0120
20072200,+0119
20072220,+0120
20072250,+0110
20072300,+0108
20072320,+0110
20072350,+0100
20080000,+0051
20080020,+0060
20080050,+0060
20080100,+0051
20080120,+0050
20080150,+0050
20080200,+0050
20080220,+0050
20080250,+0050
20080300,+0043
20080320,+0050
20080350,+0050
20080400,+0042
20080420,+0040
20080450,+0040
20080500,+0041
20080520,+0040
20080550,+0040
20080600,+0050
20080620,+0050
20080650,+0060
20080700,+0061
20080720,+0070
20080750,+0080
20080800,+0085
20080820,+0100
20080850,+0100
20080900,+0104
20080920,+0100
20080950,+0080
20081000,+0075
20081020,+0100
20081050,+0090
20081100,+0085
20081120,+0100
20081150,+0100
20081200,+0095
20081220,+0100
20081250,+0070
20081300,+0074
20081320,+0110
20081350,+0100
20081400,+0108
20081420,+0100
20081450,+0090
20081500,+0087
20081520,+0080
20081550,+0080
20081600,+0084
20081620,+0090
20081650,+0090
20081700,+0090
20081720,+0090
20081750,+0090
20081800,+0089
20081820,+0070
20081850,+0080
20081900,+0066
20081920,+0080
20081950,+0080
20082000,+0070
20082020,+0080
20082050,+0080
20082100,+0071
20082120,+0080
20082150,+0080
20082200,+0067
20082220,+0080
20082250,+0070
20082300,+0064
20082320,+0070
20082350,+0060
20090000,+0101
20090050,+0100
20090100,+0095
20090120,+0100
20090150,+0100
20090200,+0097
20090220,+0100
20090250,+0100
20090300,+0098
20090320,+0100
20090350,+0100
20090400,+0098
20090450,+0100
20090500,+0097
20090520,+0100
20090550,+0100
20090600,+0097
20090620,+0100
20090650,+0100
20090700,+0101
20090800,+0105
20090820,+0110
20090900,+0113
20090920,+0130
20091000,+0126
20091020,+0140
20091050,+0140
20091100,+0140
20091120,+0140
20091200,+0144
20091220,+0150
20091250,+0150
20091300,+0151
20091400,+0157
20091500,+0169
20091600,+0165
20091620,+0160
20091700,+0161
20091720,+0160
20091750,+0150
20091800,+0149
20091820,+0140
20091850,+0140
20091900,+0137
20091920,+0120
20092000,+0122
20092020,+0110
20092050,+0100
20092100,+0115
20092120,+0100
20092200,+0105
20092300,+0086
20092320,+0080
20100000,+0056
20100020,+0060
20100050,+0050
20100100,+0051
20100120,+0050
20100200,+0048
20100220,+0050
20100300,+0046
20100350,+0050
20100400,+0048
20100420,+0050
20100450,+0050
20100500,+0048
20100520,+0050
20100550,+0050
20100600,+0051
20100620,+0060
20100650,+0060
20100700,+0062
20100720,+0070
20100750,+0080
20100800,+0079
20100820,+0090
20100850,+0100
20100900,+0099
20100920,+0110
20100950,+0110
20101000,+0114
20101020,+0120
20101050,+0130
20101100,+0130
20101120,+0130
20101150,+0140
20101200,+0142
20101220,+0150
20101250,+0150
20101300,+0147
20101320,+0150
20101350,+0150
20101400,+0147
20101420,+0150
20101450,+0150
20101500,+0145
20101520,+0140
20101550,+0140
20101600,+0135
20101620,+0130
20101650,+0130
20101700,+0127
20101720,+0130
20101750,+0120
20101800,+0120
20101820,+0110
20101850,+0100
20101900,+0099
20101920,+0090
20102000,+0088
20102020,+0090
20102050,+0080
20102100,+0084
20102120,+0080
20102150,+0080
20102200,+0080
20102220,+0080
20102250,+0080
20102300,+0076
20102320,+0080
20102350,+0070
20110000,+0057
20110050,+0060
20110100,+0059
20110120,+0060
20110200,+0057
20110220,+0050
20110250,+0050
20110300,+0054
20110320,+0050
20110350,+0050
20110400,+0055
20110500,+0055
20110520,+0050
20110550,+0050
20110600,+0054
20110700,+0062
20110720,+0060
20110800,+0068
20110820,+0080
20110850,+0080
20110900,+0081
20110920,+0090
20111000,+0099
20111020,+0100
20111050,+0110
20111100,+0106
20111120,+0110
20111150,+0110
20111200,+0111
20111220,+0130
20111250,+0130
20111300,+0123
20111350,+0120
20111400,+0122
20111450,+0120
20111500,+0121
20111520,+0110
20111600,+0111
20111700,+0108
20111800,+0105
20111850,+0090
20111900,+0093
20111920,+0090
20111950,+0090
20112000,+0086
20112020,+0080
20112050,+0080
20112100,+0083
20112120,+0080
20112150,+0080
20112200,+0082
20112220,+0080
20112250,+0070
20112300,+0073
20112320,+0080
20120000,+0058
20120020,+0060
20120050,+0060
20120100,+0055
20120120,+0050
20120150,+0040
20120200,+0052
20120220,+0040
20120250,+0040
20120300,+0040
20120320,+0040
20120400,+0037
20120420,+0030
20120450,+0020
20120500,+0029
20120520,+0030
20120550,+0040
20120600,+0030
20120620,+0040
20120650,+0030
20120700,+0031
20120720,+0030
20120750,+0040
20120800,+0045
20120850,+0070
20120900,+0065
20121000,+0088
20121020,+0100
20121050,+0100
20121120,+0110
20121150,+0120
20121200,+0118
20121220,+0120
20121250,+0120
20121300,+0119
20121350,+0130
20121400,+0129
20121450,+0120
20121500,+0133
20121520,+0130
20121550,+0120
20121600,+0115
20121620,+0120
20121700,+0121
20121720,+0120
20121750,+0120
20121800,+0118
20121900,+0104
20121920,+0100
20121950,+0100
20122000,+0102
20122100,+0095
20122150,+0080
20122200,+0087
20122220,+0060
20122300,+0068
20122320,+0070
20130000,+0078
20130020,+0080
20130050,+0070
20130100,+0069
20130120,+0070
20130200,+0069
20130250,+0070
20130300,+0058
20130350,+0050
20130400,+0044
20130500,+0049
20130600,+0054
20130620,+0060
20130700,+0064
20130750,+0080
20130800,+0077
20130820,+0090
20130900,+0099
20130920,+0100
20130950,+0100
20131000,+0103
20131050,+0110
20131100,+0112
20131120,+0110
20131150,+0110
20131200,+0106
20131220,+0110
20131250,+0110
20131300,+0105
20131320,+0100
20131400,+0103
20131420,+0100
20131500,+0103
20131550,+0110
20131600,+0108
20131620,+0110
20131700,+0110
20131800,+0112
20131820,+0110
20131900,+0111
20131950,+0110
20132000,+0111
20132020,+0110
20132100,+0111
20132200,+0114
20132220,+0110
20132300,+0115
20132350,+0110
20140000,+0087
20140020,+0090
20140100,+0087
20140120,+0100
20140150,+0090
20140200,+0089
20140220,+0100
20140250,+0100
20140300,+0090
20140320,+0090
20140350,+0090
20140400,+0090
20140420,+0080
20140450,+0090
20140500,+0086
20140520,+0090
20140550,+0090
20140600,+0082
20140620,+0090
20140650,+0090
20140700,+0090
20140720,+0100
20140750,+0100
20140800,+0101
20140820,+0110
20140850,+0110
20140900,+0112
20140920,+0110
20140950,+0120
20141000,+0119
20141020,+0120
20141050,+0130
20141100,+0129
20141120,+0130
20141150,+0140
20141200,+0136
20141220,+0140
20141250,+0140
20141300,+0147
20141320,+0150
20141350,+0150
20141400,+0150
20141420,+0150
20141450,+0150
20141500,+0160
20141520,+0160
20141550,+0160
20141600,+0163
20141620,+0160
20141650,+0150
20141700,+0157
20141720,+0150
20141750,+0150
20141800,+0149
20141820,+0140
20141850,+0140
20141900,+0138
20141920,+0140
20141950,+0130
20142000,+0124
20142020,+0120
20142050,+0120
20142100,+0112
20142120,+0110
20142150,+0100
20142200,+0105
20142220,+0100
20142250,+0090
20142300,+0097
20142320,+0090
20142350,+0080
20150000,+0085
20150020,+0080
20150050,+0080
20150100,+0083
20150120,+0080
20150150,+0080
20150200,+0084
20150220,+0080
20150250,+0080
20150300,+0082
20150320,+0080
20150350,+0080
20150400,+0083
20150420,+0080
20150450,+0080
20150500,+0082
20150520,+0080
20150550,+0080
20150600,+0081
20150620,+0080
20150650,+0080
20150700,+0083
20150720,+0090
20150750,+0090
20150800,+0091
20150820,+0090
20150850,+0090
20150900,+0092
20150920,+0100
20150950,+0110
20151000,+0108
20151020,+0120
20151050,+0120
20151100,+0120
20151120,+0120
20151150,+0130
20151200,+0133
20151220,+0140
20151250,+0140
20151300,+0137
20151320,+0140
20151350,+0140
20151400,+0145
20151420,+0150
20151450,+0160
20151500,+0158
20151520,+0170
20151550,+0160
20151600,+0169
20151620,+0160
20151650,+0160
20151700,+0157
20151720,+0150
20151750,+0150
20151800,+0149
20151820,+0150
20151850,+0140
20151900,+0135
20151920,+0130
20151950,+0130
20152000,+0127
20152020,+0120
20152050,+0110
20152100,+0113
20152120,+0110
20152150,+0100
20152200,+0103
20152220,+0100
20152250,+0090
20152300,+0092
20152320,+0090
20152350,+0090
20160000,+0076
20160020,+0070
20160050,+0070
20160100,+0069
20160120,+0070
20160150,+0070
20160200,+0062
20160220,+0060
20160250,+0060
20160300,+0058
20160320,+0060
20160350,+0050
20160400,+0055
20160420,+0050
20160450,+0050
20160500,+0047
20160520,+0050
20160550,+0060
20160600,+0041
20160620,+0060
20160650,+0070
20160700,+0071
20160720,+0090
20160750,+0100
20160800,+0098
20160820,+0100
20160850,+0110
20160900,+0115
20160920,+0120
20160950,+0130
20161000,+0134
20161020,+0140
20161050,+0150
20161100,+0151
20161120,+0160
20161150,+0150
20161200,+0153
20161220,+0160
20161250,+0170
20161300,+0171
20161320,+0170
20161350,+0180
20161400,+0177
20161420,+0170
20161450,+0160
20161500,+0166
20161520,+0160
20161550,+0160
20161600,+0166
20161620,+0170
20161650,+0150
20161700,+0155
20161720,+0150
20161750,+0150
20161800,+0152
20161820,+0140
20161850,+0130
20161900,+0133
20161920,+0120
20161950,+0120
20162000,+0129
20162020,+0120
20162050,+0130
20162100,+0120
20162120,+0130
20162150,+0120
20162200,+0122
20162220,+0110
20162250,+0110
20162300,+0109
20162320,+0110
20162350,+0110
20170000,+0102
20170020,+0100
20170050,+0090
20170100,+0089
20170120,+0070
20170150,+0080
20170200,+0083
20170220,+0070
20170250,+0080
20170300,+0084
20170320,+0060
20170350,+0060
20170400,+0060
20170420,+0060
20170450,+0050
20170500,+0067
20170520,+0070
20170550,+0080
20170600,+0069
20170620,+0080
20170650,+0090
20170700,+0085
20170720,+0090
20170750,+0100
20170800,+0100
20170820,+0100
20170850,+0100
20170900,+0105
20170920,+0110
20170950,+0110
20171000,+0123
20171020,+0110
20171050,+0110
20171100,+0120
20171120,+0120
20171150,+0120
20171200,+0124
20171220,+0120
20171250,+0130
20171300,+0130
20171320,+0140
20171350,+0140
20171400,+0139
20171420,+0130
20171450,+0130
20171500,+0135
20171520,+0130
20171550,+0130
20171600,+0132
20171620,+0130
20171650,+0130
20171700,+0128
20171720,+0130
20171750,+0120
20171800,+0121
20171820,+0120
20171850,+0120
20171900,+0115
20171920,+0120
20171950,+0120
20172000,+0113
20172020,+0120
20172050,+0110
20172100,+0111
20172120,+0110
20172150,+0110
20172200,+0109
20172220,+0110
20172250,+0100
20172300,+0107
20172320,+0100
20172350,+0100
20180000,+0066
20180020,+0070
20180050,+0070
20180100,+0065
20180120,+0060
20180150,+0070
20180200,+0064
20180220,+0060
20180250,+0060
20180300,+0065
20180320,+0060
20180350,+0060
20180400,+0065
20180420,+0060
20180450,+0070
20180500,+0067
20180520,+0070
20180550,+0070
20180600,+0069
20180620,+0070
20180650,+0070
20180700,+0072
20180720,+0070
20180750,+0070
20180800,+0075
20180820,+0080
20180850,+0080
20180900,+0081
20180920,+0080
20180950,+0080
20181000,+0086
20181020,+0090
20181050,+0090
20181100,+0094
20181120,+0090
20181150,+0090
20181200,+0097
20181220,+0100
20181250,+0100
20181300,+0106
20181320,+0110
20181350,+0110
20181400,+0112
20181420,+0110
20181450,+0110
20181500,+0113
20181520,+0120
20181550,+0110
20181600,+0115
20181620,+0110
20181650,+0120
20181700,+0120
20181720,+0120
20181750,+0120
20181800,+0118
20181820,+0110
20181850,+0110
20181900,+0116
20181920,+0110
20181950,+0110
20182000,+0115
20182020,+0110
20182050,+0100
20182100,+0106
20182120,+0100
20182150,+0100
20182200,+0097
20182220,+0090
20182250,+0090
20182300,+0089
20182320,+0080
20182350,+0080
20190000,+0053
20190020,+0050
20190050,+0040
20190100,+0042
20190120,+0040
20190150,+0030
20190200,+0033
20190220,+0030
20190250,+0020
20190300,+0026
20190320,+0020
20190350,+0020
20190400,+0015
20190420,+0010
20190450,+0010
20190500,+0010
20190520,+0010
20190550,+0010
20190600,+0010
20190620,+0020
20190650,+0030
20190700,+0032
20190720,+0040
20190750,+0050
20190800,+0058
20190820,+0050
20190850,+0070
20190900,+0066
20190920,+0060
20190950,+0060
20191000,+0061
20191020,+0080
20191050,+0090
20191100,+0092
20191120,+0080
20191150,+0070
20191200,+0066
20191220,+0070
20191250,+0080
20191300,+0090
20191320,+0100
20191350,+0070
20191400,+0057
20191420,+0060
20191450,+0060
20191500,+0080
20191520,+0080
20191550,+0090
20191600,+0093
20191620,+0090
20191650,+0080
20191700,+0081
20191720,+0080
20191750,+0070
20191800,+0075
20191820,+0060
20191850,+0060
20191900,+0063
20191920,+0060
20191950,+0040
20192000,+0042
20192020,+0050
20192050,+0040
20192100,+0049
20192120,+0040
20192150,+0040
20192200,+0044
20192220,+0040
20192250,+0030
20192300,+0037
20192320,+0030
20192350,+0030
20200000,+0118
20200020,+0120
20200050,+0110
20200100,+0112
20200120,+0110
20200150,+0110
20200200,+0099
20200220,+0090
20200250,+0090
20200300,+0089
20200320,+0090
20200350,+0090
20200400,+0089
20200420,+0090
20200450,+0090
20200500,+0085
20200520,+0080
20200550,+0080
20200600,+0082
20200620,+0080
20200650,+0080
20200700,+0078
20200720,+0080
20200750,+0080
20200800,+0076
20200820,+0080
20200850,+0080
20200900,+0080
20200920,+0080
20200950,+0080
20201000,+0083
20201020,+0090
20201050,+0100
20201100,+0105
20201120,+0110
20201150,+0110
20201200,+0092
20201220,+0110
20201250,+0100
20201300,+0102
20201320,+0110
20201350,+0110
20201400,+0111
20201420,+0110
20201450,+0110
20201500,+0111
20201520,+0110
20201550,+0110
20201600,+0109
20201620,+0110
20201650,+0100
20201700,+0105
20201720,+0100
20201750,+0090
20201800,+0094
20201820,+0090
20201850,+0080
20201900,+0076
20201920,+0070
20201950,+0070
20202000,+0064
20202020,+0070
20202050,+0060
20202100,+0061
20202120,+0060
20202150,+0050
20202200,+0053
20202220,+0060
20202250,+0060
20202300,+0059
20202320,+0060
20202350,+0050
20210000,+0023
20210020,+0020
20210050,+0010
20210100,+0011
20210120,+0020
20210150,+0020
20210200,+0006
20210220,+0010
20210250,+0010
20210300,+0003
20210320,+0010
20210350,+0010
20210400,+0004
20210420,+0000
20210450,+0000
20210500,-0006
20210520,-0010
20210550,+0000
20210600,-0008
20210620,+0010
20210650,+0030
20210700,+0021
20210720,+0030
20210750,+0040
20210800,+0042
20210820,+0060
20210850,+0070
20210900,+0082
20210920,+0080
20210950,+0090
20211000,+0103
20211020,+0100
20211050,+0100
20211100,+0116
20211120,+0110
20211150,+0110
20211200,+0115
20211220,+0110
20211250,+0110
20211300,+0112
20211320,+0110
20211350,+0110
20211400,+0110
20211420,+0110
20211450,+0100
20211500,+0100
20211520,+0100
20211550,+0100
20211600,+0098
20211620,+0100
20211650,+0100
20211700,+0098
20211720,+0100
20211750,+0100
20211800,+0097
20211820,+0100
20211850,+0090
20211900,+0081
20211920,+0080
20211950,+0080
20212000,+0069
20212020,+0060
20212050,+0060
20212100,+0055
20212120,+0050
20212150,+0050
20212200,+0047
20212220,+0050
20212250,+0040
20212300,+0039
20212320,+0030
20212350,+0040
20220000,+0110
20220020,+0110
20220050,+0110
20220100,+0108
20220120,+0110
20220150,+0110
20220200,+0105
20220220,+0110
20220250,+0110
20220300,+0105
20220320,+0110
20220350,+0110
20220400,+0107
20220420,+0110
20220450,+0110
20220500,+0105
20220520,+0110
20220550,+0110
20220600,+0108
20220620,+0110
20220650,+0110
20220700,+0115
20220720,+0120
20220750,+0120
20220800,+0122
20220820,+0130
20220850,+0130
20220900,+0135
20220920,+0140
20220950,+0140
20221000,+0145
20221020,+0150
20221050,+0160
20221100,+0163
20221120,+0160
20221150,+0160
20221200,+0161
20221220,+0160
20221250,+0170
20221300,+0191
20221320,+0170
20221350,+0180
20221400,+0175
20221420,+0180
20221450,+0180
20221500,+0185
20221520,+0180
20221550,+0170
20221600,+0173
20221620,+0170
20221650,+0170
20221700,+0165
20221720,+0160
20221750,+0160
20221800,+0162
20221820,+0150
20221850,+0150
20221900,+0155
20221920,+0150
20221950,+0140
20222000,+0139
20222020,+0140
20222050,+0140
20222100,+0138
20222120,+0140
20222150,+0130
20222200,+0123
20222220,+0130
20222250,+0120
20222300,+0111
20222320,+0110
20222350,+0110
