YHM,temp
19490000,+0178
19490000,+0180
19490100,+0172
19490100,+0174
19490200,+0167
19490200,+0169
19490300,+0161
19490300,+0163
19490400,+0161
19490400,+0163
19490500,+0156
19490500,+0157
19490600,+0156
19490600,+0157
19490700,+0161
19490700,+0163
19490800,+0189
19490800,+0191
19490900,+0217
19490900,+0218
19491000,+0239
19491000,+0241
19491100,+0256
19491100,+0257
19491200,+0261
19491200,+0263
19491300,+0272
19491300,+0274
19491400,+0283
19491400,+0285
19491500,+0289
19491500,+0291
19491600,+0283
19491600,+0285
19491700,+0283
19491700,+0285
19491800,+0278
19491800,+0280
19491900,+0267
19491900,+0268
19492000,+0250
19492000,+0252
19492100,+0239
19492100,+0241
19492200,+0222
19492200,+0224
19492300,+0211
19492300,+0213
19500000,+0150
19500000,+0152
19500100,+0150
19500100,+0152
19500200,+0139
19500200,+0141
19500300,+0133
19500300,+0135
19500400,+0133
19500400,+0135
19500500,+0133
19500500,+0135
19500600,+0141
19500600,+0139
19500700,+0156
19500700,+0157
19500800,+0167
19500800,+0169
19500900,+0178
19500900,+0180
19501000,+0194
19501000,+0196
19501100,+0194
19501100,+0196
19501200,+0206
19501200,+0207
19501300,+0211
19501300,+0213
19501400,+0211
19501400,+0213
19501500,+0200
19501500,+0202
19501600,+0183
19501600,+0185
19501700,+0183
19501700,+0185
19501800,+0178
19501800,+0180
19501900,+0178
19501900,+0180
19502000,+0161
19502000,+0163
19502100,+0161
19502100,+0163
19502200,+0167
19502200,+0169
19502300,+0167
19502300,+0169
19510000,+0150
19510000,+0152
19510100,+0144
19510100,+0146
19510200,+0139
19510200,+0141
19510300,+0144
19510300,+0146
19510400,+0150
19510400,+0152
19510500,+0156
19510500,+0157
19510600,+0161
19510600,+0163
19510700,+0178
19510700,+0180
19510800,+0189
19510800,+0191
19510900,+0211
19510900,+0213
19511000,+0233
19511000,+0235
19511100,+0244
19511100,+0246
19511200,+0261
19511200,+0263
19511300,+0244
19511300,+0246
19511400,+0161
19511400,+0163
19511500,+0167
19511500,+0169
19511600,+0183
19511600,+0185
19511700,+0189
19511700,+0191
19511800,+0189
19511800,+0191
19511900,+0183
19511900,+0185
19512000,+0183
19512000,+0185
19512100,+0167
19512100,+0169
19512200,+0167
19512200,+0169
19512300,+0161
19512300,+0163
19520000,+0200
19520000,+0202
19520100,+0183
19520100,+0185
19520200,+0183
19520200,+0185
19520300,+0172
19520300,+0174
19520400,+0172
19520400,+0174
19520500,+0172
19520500,+0174
19520600,+0178
19520600,+0180
19520700,+0194
19520700,+0196
19520800,+0211
19520800,+0213
19520900,+0233
19520900,+0235
19521000,+0250
19521000,+0252
19521100,+0261
19521100,+0263
19521200,+0272
19521200,+0274
19521300,+0283
19521300,+0285
19521400,+0283
19521400,+0285
19521500,+0289
19521500,+0291
19521600,+0283
19521600,+0285
19521700,+0278
19521700,+0280
19521800,+0283
19521800,+0285
19521900,+0267
19521900,+0268
19522000,+0244
19522000,+0246
19522100,+0233
19522100,+0235
19522200,+0222
19522200,+0224
19522300,+0206
19522300,+0207
19530000,+0156
19530000,+0157
19530100,+0150
19530100,+0152
19530200,+0144
19530200,+0146
19530300,+0144
19530300,+0146
19530400,+0150
19530400,+0152
19530500,+0144
19530500,+0146
19530600,+0150
19530600,+0152
19530700,+0156
19530700,+0157
19530800,+0167
19530800,+0169
19530900,+0161
19530900,+0163
19531000,+0161
19531000,+0163
19531100,+0183
19531100,+0185
19531200,+0183
19531200,+0185
19531300,+0194
19531300,+0196
19531400,+0211
19531400,+0213
19531500,+0150
19531500,+0152
19531600,+0156
19531600,+0157
19531700,+0161
19531700,+0163
19531800,+0144
19531800,+0146
19531900,+0150
19531900,+0152
19532000,+0150
19532000,+0152
19532100,+0150
19532100,+0152
19532200,+0139
19532200,+0141
19532300,+0133
19532300,+0135
19540000,+0111
19540000,+0113
19540100,+0106
19540100,+0107
19540200,+0111
19540200,+0113
19540300,+0106
19540300,+0107
19540400,+0100
19540400,+0102
19540500,+0094
19540500,+0096
19540600,+0106
19540600,+0107
19540700,+0128
19540700,+0130
19540800,+0144
19540800,+0146
19540900,+0150
19540900,+0152
19541000,+0156
19541000,+0157
19541100,+0161
19541100,+0163
19541200,+0167
19541200,+0169
19541300,+0167
19541300,+0169
19541400,+0178
19541400,+0180
19541500,+0167
19541500,+0169
19541600,+0167
19541600,+0169
19541700,+0167
19541700,+0169
19541800,+0167
19541800,+0169
19541900,+0161
19541900,+0163
19542000,+0150
19542000,+0152
19542100,+0133
19542100,+0135
19542200,+0122
19542200,+0124
19542300,+0117
19542300,+0119
19550000,+0139
19550000,+0141
19550100,+0133
19550100,+0135
19550200,+0133
19550200,+0135
19550300,+0128
19550300,+0130
19550400,+0133
19550400,+0135
19550500,+0128
19550500,+0130
19550600,+0139
19550600,+0141
19550700,+0150
19550700,+0152
19550800,+0161
19550800,+0163
19550900,+0172
19550900,+0174
19551000,+0172
19551000,+0174
19551100,+0178
19551100,+0180
19551200,+0194
19551200,+0196
19551300,+0206
19551300,+0207
19551400,+0222
19551400,+0224
19551500,+0222
19551500,+0224
19551600,+0233
19551600,+0235
19551700,+0239
19551700,+0241
19551800,+0239
19551800,+0241
19551900,+0233
19551900,+0235
19552000,+0211
19552000,+0213
19552100,+0183
19552100,+0185
19552200,+0172
19552200,+0174
19552300,+0150
19552300,+0152
19560000,+0139
19560000,+0141
19560100,+0122
19560100,+0124
19560200,+0122
19560200,+0124
19560300,+0122
19560300,+0124
19560400,+0128
19560400,+0130
19560500,+0128
19560500,+0130
19560600,+0128
19560600,+0130
19560700,+0133
19560700,+0135
19560800,+0139
19560800,+0141
19560900,+0144
19560900,+0146
19561000,+0167
19561000,+0169
19561100,+0183
19561100,+0185
19561200,+0183
19561200,+0185
19561300,+0200
19561300,+0202
19561400,+0206
19561400,+0207
19561500,+0206
19561500,+0207
19561600,+0211
19561600,+0213
19561700,+0217
19561700,+0218
19561800,+0211
19561800,+0213
19561900,+0200
19561900,+0202
19562000,+0183
19562000,+0185
19562100,+0172
19562100,+0174
19562200,+0161
19562200,+0163
19562300,+0156
19562300,+0157
19570000,+0144
19570000,+0146
19570100,+0144
19570100,+0146
19570200,+0139
19570200,+0141
19570300,+0133
19570300,+0135
19570400,+0139
19570400,+0141
19570500,+0139
19570500,+0141
19570600,+0144
19570600,+0146
19570700,+0150
19570700,+0152
19570800,+0167
19570800,+0169
19570900,+0183
19570900,+0185
19571000,+0172
19571000,+0174
19571100,+0178
19571100,+0180
19571200,+0178
19571200,+0180
19571300,+0194
19571300,+0196
19571400,+0194
19571400,+0196
19571500,+0200
19571500,+0202
19571600,+0206
19571600,+0207
19571700,+0206
19571700,+0207
19571800,+0200
19571800,+0202
19571900,+0183
19571900,+0185
19572000,+0178
19572000,+0180
19572100,+0167
19572100,+0169
19572200,+0167
19572200,+0169
19572300,+0156
19572300,+0157
19580000,+0139
19580000,+0141
19580100,+0133
19580100,+0135
19580200,+0128
19580200,+0130
19580300,+0128
19580300,+0130
19580400,+0128
19580400,+0130
19580500,+0128
19580500,+0130
19580600,+0130
19580600,+0128
19580700,+0128
19580700,+0130
19580800,+0139
19580800,+0141
19580900,+0156
19580900,+0157
19581000,+0172
19581000,+0174
19581100,+0178
19581100,+0180
19581200,+0194
19581200,+0196
19581300,+0194
19581300,+0196
19581400,+0150
19581400,+0152
19581500,+0150
19581500,+0152
19581600,+0156
19581600,+0157
19581700,+0167
19581700,+0169
19581800,+0167
19581800,+0169
19581900,+0156
19581900,+0157
19582000,+0139
19582000,+0141
19582100,+0122
19582100,+0124
19582200,+0117
19582200,+0119
19582300,+0106
19582300,+0107
19730000,+0140
19730020,+0140
19730050,+0140
19730100,+0140
19730120,+0130
19730150,+0130
19730200,+0130
19730220,+0130
19730250,+0120
19730300,+0120
19730320,+0130
19730350,+0130
19730400,+0130
19730420,+0130
19730450,+0130
19730500,+0130
19730520,+0130
19730550,+0130
19730600,+0130
19730620,+0140
19730650,+0140
19730700,+0140
19730720,+0140
19730750,+0140
19730800,+0140
19730820,+0130
19730850,+0130
19730900,+0130
19730920,+0130
19730950,+0140
19731000,+0140
19731020,+0150
19731120,+0150
19731150,+0170
19731200,+0170
19731250,+0170
19731320,+0170
19731350,+0170
19731400,+0170
19731420,+0180
19731450,+0170
19731500,+0170
19731520,+0180
19731550,+0170
19731600,+0170
19731620,+0170
19731650,+0170
19731700,+0170
19731720,+0170
19731750,+0170
19731820,+0170
19731850,+0170
19731900,+0170
19731920,+0160
19731950,+0150
19732000,+0150
19732020,+0150
19732050,+0140
19732100,+0140
19732150,+0130
19732200,+0130
19732220,+0120
19732250,+0120
19732300,+0120
19732320,+0110
19732350,+0120
19740000,+0150
19740020,+0140
19740050,+0140
19740100,+0140
19740120,+0140
19740150,+0150
19740200,+0150
19740250,+0160
19740300,+0160
19740320,+0160
19740350,+0160
19740400,+0160
19740420,+0160
19740450,+0160
19740500,+0160
19740520,+0150
19740550,+0150
19740600,+0150
19740620,+0160
19740650,+0160
19740700,+0160
19740720,+0170
19740750,+0170
19740800,+0170
19740820,+0180
19740900,+0190
19740920,+0200
19740950,+0200
19741000,+0200
19741050,+0210
19741100,+0210
19741120,+0210
19741150,+0210
19741200,+0210
19741220,+0210
19741250,+0210
19741300,+0210
19741320,+0210
19741350,+0210
19741400,+0210
19741420,+0220
19741450,+0220
19741500,+0220
19741520,+0220
19741550,+0230
19741600,+0230
19741620,+0220
19741700,+0220
19741720,+0210
19741750,+0210
19741800,+0210
19741820,+0210
19741850,+0200
19741900,+0200
19741920,+0190
19741950,+0180
19742000,+0180
19742020,+0180
19742050,+0180
19742100,+0180
19742120,+0180
19742150,+0170
19742200,+0170
19742220,+0170
19742250,+0170
19742300,+0170
19742320,+0170
19742350,+0170
19750000,+0150
19750020,+0150
19750050,+0150
19750100,+0150
19750120,+0150
19750150,+0150
19750200,+0150
19750220,+0150
19750250,+0150
19750300,+0150
19750350,+0150
19750400,+0150
19750420,+0150
19750450,+0150
19750500,+0150
19750520,+0150
19750550,+0160
19750600,+0160
19750620,+0160
19750700,+0160
19750720,+0170
19750750,+0170
19750820,+0170
19750850,+0170
19750900,+0170
19750920,+0170
19751000,+0180
19751020,+0200
19751050,+0200
19751100,+0200
19751120,+0210
19751150,+0220
19751200,+0220
19751220,+0200
19751250,+0190
19751300,+0190
19751400,+0210
19751420,+0220
19751450,+0230
19751500,+0230
19751520,+0220
19751550,+0230
19751600,+0230
19751620,+0230
19751650,+0220
19751700,+0220
19751720,+0210
19751750,+0210
19751800,+0210
19751820,+0210
19751850,+0200
19751900,+0200
19751950,+0190
19752000,+0190
19752020,+0180
19752050,+0180
19752120,+0170
19752150,+0170
19752200,+0170
19752220,+0160
19752250,+0160
19752300,+0160
19752320,+0160
19752350,+0150
19760000,+0150
19760020,+0150
19760050,+0150
19760100,+0150
19760120,+0140
19760150,+0140
19760200,+0140
19760220,+0140
19760250,+0130
19760300,+0130
19760320,+0120
19760350,+0120
19760400,+0120
19760420,+0120
19760500,+0120
19760520,+0120
19760550,+0120
19760600,+0120
19760620,+0120
19760650,+0120
19760700,+0130
19760720,+0140
19760800,+0150
19760820,+0160
19760850,+0170
19760900,+0170
19760920,+0180
19760950,+0180
19761000,+0180
19761020,+0190
19761050,+0190
19761100,+0190
19761120,+0190
19761150,+0200
19761200,+0200
19761220,+0200
19761250,+0200
19761300,+0200
19761320,+0200
19761400,+0220
19761420,+0220
19761450,+0220
19761500,+0220
19761520,+0220
19761550,+0220
19761600,+0220
19761620,+0210
19761650,+0210
19761700,+0210
19761720,+0210
19761750,+0210
19761800,+0210
19761820,+0210
19761850,+0200
19761900,+0200
19761920,+0200
19761950,+0200
19762000,+0200
19762020,+0190
19762050,+0180
19762100,+0180
19762120,+0170
19762150,+0170
19762200,+0170
19762220,+0170
19762250,+0160
19762300,+0160
19762320,+0150
19762350,+0150
19770000,+0150
19770020,+0150
19770050,+0150
19770100,+0150
19770120,+0150
19770150,+0150
19770200,+0150
19770220,+0150
19770250,+0140
19770300,+0140
19770320,+0130
19770350,+0140
19770400,+0140
19770420,+0140
19770450,+0140
19770500,+0140
19770520,+0140
19770550,+0140
19770600,+0140
19770620,+0140
19770650,+0150
19770700,+0150
19770720,+0150
19770750,+0150
19770800,+0150
19770820,+0150
19770850,+0160
19770900,+0160
19771000,+0170
19771020,+0180
19771050,+0190
19771100,+0190
19771120,+0190
19771150,+0200
19771200,+0200
19771220,+0200
19771250,+0200
19771300,+0200
19771320,+0210
19771350,+0210
19771400,+0210
19771420,+0210
19771450,+0210
19771500,+0210
19771520,+0220
19771550,+0230
19771600,+0230
19771620,+0230
19771650,+0230
19771700,+0230
19771720,+0230
19771750,+0230
19771800,+0230
19771820,+0230
19771850,+0230
19771900,+0230
19771920,+0230
19771950,+0230
19772000,+0230
19772020,+0210
19772050,+0210
19772100,+0210
19772120,+0210
19772150,+0200
19772200,+0200
19772220,+0190
19772250,+0190
19772300,+0190
19772320,+0190
19772350,+0190
19780000,+0140
19780020,+0130
19780100,+0140
19780120,+0130
19780150,+0130
19780200,+0130
19780220,+0130
19780250,+0130
19780300,+0130
19780320,+0130
19780350,+0130
19780400,+0130
19780420,+0130
19780450,+0130
19780500,+0130
19780520,+0130
19780550,+0140
19780600,+0140
19780620,+0140
19780650,+0140
19780700,+0140
19780720,+0150
19780750,+0150
19780800,+0150
19780820,+0160
19780850,+0160
19780900,+0160
19780920,+0180
19780950,+0190
19781000,+0190
19781020,+0180
19781050,+0180
19781100,+0180
19781120,+0190
19781150,+0190
19781200,+0190
19781220,+0190
19781250,+0190
19781300,+0190
19781320,+0190
19781350,+0190
19781400,+0190
19781420,+0190
19781450,+0190
19781500,+0190
19781520,+0200
19781550,+0190
19781600,+0190
19781620,+0190
19781650,+0200
19781700,+0200
19781720,+0190
19781750,+0190
19781800,+0190
19781820,+0190
19781850,+0180
19781900,+0180
19781920,+0170
19781950,+0170
19782000,+0170
19782020,+0160
19782050,+0150
19782100,+0150
19782120,+0150
19782150,+0150
19782200,+0150
19782220,+0140
19782250,+0140
19782300,+0140
19782320,+0140
19782350,+0140
19790000,+0130
19790020,+0130
19790050,+0110
19790100,+0110
19790120,+0100
19790150,+0100
19790200,+0100
19790220,+0100
19790250,+0100
19790300,+0100
19790320,+0110
19790350,+0110
19790400,+0110
19790420,+0110
19790450,+0110
19790500,+0110
19790520,+0110
19790550,+0120
19790600,+0120
19790620,+0120
19790650,+0130
19790700,+0130
19790720,+0130
19790750,+0140
19790800,+0140
19790820,+0140
19790850,+0140
19790900,+0140
19790920,+0150
19790950,+0150
19791000,+0150
19791020,+0160
19791050,+0160
19791100,+0160
19791120,+0170
19791150,+0180
19791200,+0180
19791220,+0180
19791250,+0170
19791300,+0170
19791320,+0180
19791350,+0170
19791400,+0170
19791420,+0170
19791450,+0170
19791500,+0170
19791520,+0170
19791550,+0170
19791600,+0170
19791620,+0170
19791650,+0170
19791700,+0170
19791720,+0170
19791750,+0170
19791800,+0170
19791820,+0170
19791850,+0160
19791900,+0160
19791920,+0160
19791950,+0160
19792000,+0160
19792020,+0160
19792050,+0160
19792100,+0160
19792120,+0150
19792150,+0150
19792200,+0150
19792220,+0150
19792250,+0150
19792300,+0150
19792320,+0150
19792350,+0150
19800000,+0120
19800020,+0120
19800050,+0120
19800100,+0120
19800120,+0110
19800150,+0110
19800200,+0110
19800220,+0110
19800250,+0110
19800300,+0110
19800320,+0100
19800350,+0100
19800400,+0100
19800420,+0100
19800450,+0100
19800500,+0100
19800520,+0100
19800550,+0110
19800600,+0110
19800620,+0120
19800650,+0130
19800700,+0130
19800720,+0130
19800750,+0150
19800800,+0150
19800820,+0160
19800850,+0170
19800900,+0170
19800920,+0180
19800950,+0180
19801000,+0180
19801020,+0190
19801050,+0190
19801100,+0190
19801120,+0190
19801150,+0200
19801200,+0200
19801220,+0210
19801250,+0210
19801300,+0210
19801320,+0210
19801350,+0210
19801400,+0210
19801420,+0210
19801450,+0210
19801500,+0210
19801520,+0210
19801550,+0210
19801600,+0210
19801620,+0210
19801650,+0210
19801700,+0210
19801720,+0210
19801750,+0200
19801800,+0200
19801820,+0200
19801850,+0190
19801900,+0190
19801920,+0190
19801950,+0180
19802000,+0180
19802020,+0170
19802050,+0170
19802100,+0170
19802120,+0160
19802150,+0140
19802200,+0150
19802220,+0150
19802250,+0150
19802300,+0150
19802320,+0140
19802350,+0140
19810000,+0150
19810020,+0140
19810050,+0140
19810100,+0140
19810120,+0140
19810150,+0140
19810200,+0140
19810220,+0140
19810250,+0140
19810300,+0140
19810320,+0140
19810350,+0140
19810400,+0140
19810420,+0140
19810450,+0140
19810500,+0140
19810520,+0140
19810550,+0140
19810600,+0140
19810620,+0140
19810650,+0140
19810700,+0140
19810720,+0140
19810750,+0150
19810800,+0150
19810820,+0150
19810850,+0160
19810900,+0160
19810920,+0170
19810950,+0180
19811000,+0180
19811020,+0150
19811050,+0150
19811100,+0150
19811120,+0150
19811150,+0150
19811200,+0150
19811220,+0150
19811250,+0140
19811300,+0140
19811320,+0140
19811350,+0140
19811400,+0140
19811420,+0140
19811450,+0140
19811500,+0140
19811520,+0150
19811550,+0150
19811600,+0150
19811620,+0150
19811650,+0150
19811700,+0150
19811720,+0150
19811750,+0160
19811800,+0160
19811820,+0160
19811850,+0150
19811900,+0150
19811950,+0140
19812000,+0140
19812020,+0140
19812050,+0130
19812100,+0130
19812120,+0130
19812150,+0130
19812200,+0130
19812220,+0120
19812250,+0120
19812300,+0120
19812320,+0120
19812350,+0120
19820000,+0130
19820020,+0130
19820050,+0130
19820100,+0131
19820150,+0130
19820200,+0135
19820220,+0140
19820250,+0140
19820300,+0136
19820320,+0140
19820350,+0140
19820400,+0137
19820420,+0140
19820450,+0140
19820500,+0136
19820520,+0140
19820550,+0140
19820600,+0138
19820620,+0140
19820650,+0140
19820700,+0142
19820720,+0140
19820750,+0150
19820800,+0147
19820850,+0150
19820900,+0152
19820920,+0150
19820950,+0160
19821000,+0158
19821020,+0160
19821050,+0180
19821100,+0181
19821120,+0190
19821150,+0190
19821200,+0190
19821220,+0210
19821250,+0210
19821300,+0215
19821320,+0210
19821350,+0210
19821400,+0209
19821420,+0210
19821450,+0200
19821500,+0201
19821520,+0200
19821550,+0190
19821600,+0195
19821620,+0190
19821650,+0190
19821700,+0190
19821720,+0180
19821750,+0180
19821800,+0181
19821820,+0180
19821850,+0180
19821900,+0180
19821920,+0170
19821950,+0170
19822000,+0166
19822020,+0160
19822050,+0160
19822100,+0156
19822120,+0150
19822150,+0150
19822200,+0147
19822220,+0150
19822250,+0150
19822300,+0146
19822320,+0150
19822350,+0150
19830000,+0159
19830020,+0160
19830050,+0150
19830100,+0155
19830120,+0150
19830150,+0150
19830200,+0152
19830220,+0150
19830250,+0150
19830300,+0146
19830320,+0150
19830350,+0150
19830400,+0149
19830420,+0150
19830450,+0150
19830500,+0150
19830520,+0150
19830550,+0160
19830600,+0162
19830620,+0170
19830650,+0180
19830700,+0179
19830720,+0190
19830750,+0200
19830800,+0204
19830820,+0210
19830900,+0223
19830950,+0240
19831000,+0236
19831020,+0250
19831050,+0250
19831100,+0252
19831120,+0260
19831150,+0270
19831200,+0270
19831220,+0270
19831250,+0260
19831300,+0256
19831320,+0270
19831350,+0260
19831400,+0256
19831420,+0260
19831500,+0256
19831550,+0250
19831600,+0254
19831620,+0250
19831650,+0250
19831700,+0248
19831720,+0250
19831750,+0240
19831800,+0238
19831820,+0240
19831850,+0230
19831900,+0230
19831920,+0220
19831950,+0220
19832000,+0220
19832020,+0210
19832050,+0220
19832100,+0216
19832120,+0210
19832150,+0210
19832200,+0205
19832220,+0190
19832250,+0190
19832300,+0195
19832320,+0190
19832350,+0190
19840000,+0175
19840020,+0170
19840050,+0160
19840100,+0161
19840150,+0160
19840200,+0156
19840220,+0150
19840250,+0150
19840300,+0145
19840320,+0140
19840350,+0150
19840400,+0145
19840420,+0140
19840450,+0140
19840500,+0144
19840520,+0150
19840550,+0150
19840600,+0152
19840620,+0160
19840700,+0164
19840800,+0176
19840850,+0190
19840900,+0185
19840920,+0190
19840950,+0210
19841000,+0207
19841050,+0210
19841100,+0211
19841120,+0220
19841150,+0230
19841200,+0226
19841220,+0230
19841250,+0240
19841300,+0236
19841320,+0240
19841350,+0240
19841400,+0236
19841420,+0250
19841450,+0240
19841500,+0244
19841520,+0250
19841550,+0250
19841600,+0253
19841620,+0260
19841650,+0250
19841700,+0254
19841720,+0250
19841750,+0250
19841800,+0249
19841820,+0240
19841850,+0230
19841900,+0230
19841920,+0230
19841950,+0190
19842000,+0191
19842020,+0190
19842050,+0190
19842100,+0194
19842120,+0190
19842150,+0180
19842200,+0179
19842220,+0180
19842250,+0180
19842300,+0177
19842320,+0170
19842350,+0170
19850000,+0145
19850020,+0150
19850050,+0150
19850100,+0152
19850120,+0160
19850150,+0160
19850200,+0162
19850220,+0160
19850250,+0160
19850300,+0163
19850320,+0160
19850350,+0160
19850400,+0164
19850420,+0170
19850450,+0170
19850500,+0166
19850520,+0170
19850550,+0170
19850600,+0170
19850620,+0170
19850650,+0170
19850700,+0172
19850720,+0170
19850750,+0170
19850800,+0173
19850820,+0170
19850850,+0170
19850900,+0175
19850920,+0170
19850950,+0180
19851000,+0179
19851020,+0180
19851100,+0183
19851150,+0200
19851200,+0198
19851220,+0200
19851250,+0200
19851300,+0199
19851320,+0200
19851350,+0210
19851400,+0206
19851420,+0200
19851450,+0190
19851500,+0192
19851520,+0190
19851550,+0190
19851600,+0190
19851620,+0190
19851650,+0190
19851700,+0192
19851720,+0190
19851750,+0190
19851800,+0192
19851820,+0190
19851850,+0190
19851900,+0186
19851920,+0180
19851950,+0180
19852000,+0182
19852020,+0170
19852050,+0170
19852100,+0173
19852120,+0170
19852150,+0170
19852200,+0166
19852220,+0170
19852250,+0160
19852300,+0162
19852320,+0160
19852350,+0160
19860000,+0164
19860020,+0160
19860050,+0160
19860100,+0161
19860120,+0160
19860150,+0150
19860200,+0154
19860220,+0150
19860250,+0150
19860300,+0147
19860320,+0150
19860350,+0150
19860400,+0145
19860450,+0150
19860500,+0145
19860520,+0150
19860550,+0150
19860600,+0145
19860620,+0150
19860650,+0150
19860700,+0150
19860720,+0150
19860750,+0150
19860800,+0154
19860820,+0170
19860850,+0170
19860900,+0169
19860920,+0170
19860950,+0180
19861000,+0176
19861020,+0180
19861100,+0179
19861150,+0190
19861200,+0185
19861220,+0190
19861250,+0180
19861300,+0184
19861320,+0190
19861350,+0190
19861400,+0192
19861420,+0200
19861450,+0200
19861500,+0201
19861520,+0200
19861550,+0210
19861600,+0206
19861620,+0200
19861650,+0210
19861700,+0206
19861720,+0200
19861750,+0200
19861800,+0196
19861820,+0200
19861850,+0190
19861900,+0192
19861920,+0190
19861950,+0180
19862000,+0183
19862020,+0180
19862050,+0170
19862100,+0173
19862120,+0170
19862150,+0160
19862200,+0159
19862220,+0150
19862250,+0150
19862300,+0146
19862320,+0140
19862350,+0130
19870000,+0150
19870020,+0150
19870050,+0150
19870100,+0150
19870120,+0150
19870150,+0150
19870200,+0147
19870220,+0150
19870250,+0150
19870300,+0145
19870320,+0150
19870350,+0150
19870400,+0145
19870420,+0150
19870450,+0140
19870500,+0144
19870520,+0140
19870550,+0140
19870600,+0142
19870620,+0140
19870650,+0140
19870700,+0143
19870720,+0150
19870750,+0150
19870800,+0145
19870820,+0150
19870850,+0150
19870900,+0146
19870920,+0150
19870950,+0150
19871000,+0146
19871050,+0150
19871100,+0155
19871120,+0160
19871150,+0160
19871200,+0163
19871220,+0170
19871250,+0170
19871300,+0165
19871320,+0170
19871350,+0170
19871400,+0175
19871420,+0170
19871450,+0170
19871500,+0173
19871520,+0170
19871550,+0170
19871600,+0169
19871620,+0170
19871650,+0160
19871700,+0163
19871720,+0170
19871750,+0160
19871800,+0161
19871820,+0160
19871850,+0160
19871920,+0150
19871950,+0150
19872000,+0150
19872020,+0150
19872050,+0150
19872100,+0145
19872120,+0140
19872150,+0140
19872200,+0143
19872220,+0140
19872250,+0140
19872300,+0141
19872320,+0140
19872350,+0140
19880000,+0187
19880020,+0180
19880100,+0184
19880120,+0180
19880150,+0180
19880200,+0181
19880250,+0180
19880300,+0180
19880320,+0180
19880350,+0180
19880400,+0177
19880420,+0180
19880500,+0176
19880520,+0180
19880600,+0177
19880620,+0180
19880700,+0181
19880800,+0187
19880850,+0190
19880900,+0192
19880920,+0190
19881000,+0200
19881100,+0200
19881150,+0200
19881200,+0203
19881220,+0190
19881250,+0200
19881300,+0202
19881320,+0210
19881400,+0202
19881450,+0190
19881500,+0190
19881520,+0190
19881600,+0183
19881700,+0173
19881750,+0170
19881800,+0175
19881820,+0170
19881850,+0170
19881900,+0171
19881950,+0170
19882000,+0167
19882020,+0160
19882050,+0160
19882100,+0163
19882120,+0160
19882150,+0170
19882200,+0165
19882220,+0170
19882250,+0170
19882300,+0172
19882320,+0180
19882350,+0180
19890000,+0207
19890020,+0200
19890050,+0210
19890100,+0209
19890120,+0210
19890150,+0200
19890200,+0204
19890220,+0200
19890250,+0200
19890300,+0202
19890320,+0200
19890350,+0200
19890400,+0203
19890420,+0200
19890450,+0210
19890500,+0205
19890520,+0210
19890550,+0210
19890600,+0205
19890620,+0210
19890650,+0220
19890700,+0216
19890720,+0230
19890750,+0240
19890800,+0238
19890820,+0250
19890850,+0260
19890900,+0263
19890920,+0270
19890950,+0290
19891000,+0286
19891020,+0300
19891050,+0300
19891100,+0301
19891150,+0320
19891200,+0316
19891220,+0320
19891250,+0320
19891300,+0323
19891320,+0320
19891350,+0330
19891400,+0331
19891420,+0320
19891450,+0330
19891500,+0330
19891520,+0330
19891550,+0340
19891600,+0336
19891620,+0330
19891650,+0330
19891700,+0327
19891720,+0320
19891750,+0320
19891800,+0316
19891820,+0320
19891850,+0310
19891900,+0305
19891920,+0290
19891950,+0280
19892000,+0281
19892020,+0270
19892050,+0270
19892100,+0266
19892120,+0260
19892150,+0260
19892200,+0262
19892220,+0260
19892250,+0230
19892300,+0228
19892320,+0220
19892350,+0220
19900000,+0178
19900020,+0170
19900050,+0170
19900100,+0170
19900120,+0170
19900150,+0160
19900200,+0163
19900220,+0160
19900250,+0160
19900300,+0158
19900320,+0160
19900350,+0160
19900400,+0156
19900420,+0150
19900450,+0150
19900500,+0155
19900520,+0150
19900550,+0160
19900600,+0157
19900620,+0160
19900650,+0170
19900700,+0168
19900720,+0170
19900750,+0190
19900800,+0185
19900820,+0190
19900850,+0200
19900900,+0196
19900920,+0210
19900950,+0210
19901000,+0209
19901020,+0220
19901050,+0220
19901100,+0219
19901120,+0230
19901150,+0230
19901200,+0235
19901250,+0230
19901300,+0233
19901320,+0230
19901350,+0230
19901400,+0233
19901420,+0240
19901450,+0230
19901500,+0233
19901520,+0230
19901550,+0230
19901600,+0228
19901620,+0220
19901650,+0220
19901700,+0219
19901720,+0210
19901750,+0210
19901800,+0207
19901820,+0200
19901850,+0190
19901900,+0191
19901920,+0190
19901950,+0180
19902000,+0176
19902020,+0170
19902050,+0170
19902100,+0169
19902120,+0170
19902150,+0160
19902200,+0161
19902220,+0160
19902250,+0150
19902300,+0153
19902320,+0150
19902350,+0150
19910000,+0155
19910020,+0150
19910050,+0150
19910100,+0151
19910120,+0140
19910150,+0140
19910200,+0139
19910220,+0140
19910250,+0140
19910300,+0143
19910320,+0140
19910350,+0130
19910400,+0133
19910420,+0130
19910450,+0140
19910500,+0136
19910520,+0140
19910550,+0150
19910600,+0145
19910620,+0150
19910650,+0160
19910700,+0163
19910720,+0170
19910750,+0180
19910800,+0183
19910820,+0190
19910850,+0190
19910900,+0195
19910920,+0200
19910950,+0200
19911000,+0204
19911020,+0210
19911050,+0210
19911100,+0210
19911120,+0210
19911150,+0220
19911200,+0222
19911220,+0220
19911250,+0220
19911300,+0222
19911320,+0230
19911350,+0230
19911400,+0232
19911420,+0230
19911450,+0230
19911500,+0231
19911520,+0230
19911550,+0230
19911600,+0235
19911620,+0230
19911650,+0230
19911700,+0234
19911720,+0230
19911750,+0230
19911800,+0228
19911820,+0220
19911850,+0220
19911900,+0219
19911920,+0210
19911950,+0210
19912000,+0210
19912020,+0210
19912050,+0210
19912100,+0205
19912120,+0200
19912150,+0200
19912200,+0197
19912220,+0190
19912250,+0190
19912300,+0187
19912320,+0180
19912350,+0180
19920000,+0131
19920020,+0130
19920050,+0130
19920100,+0127
19920120,+0120
19920150,+0120
19920200,+0121
19920220,+0120
19920250,+0130
19920300,+0125
19920320,+0130
19920350,+0120
19920400,+0124
19920420,+0120
19920450,+0120
19920500,+0122
19920520,+0120
19920550,+0130
19920600,+0130
19920620,+0130
19920650,+0140
19920700,+0140
19920720,+0150
19920750,+0170
19920800,+0165
19920820,+0180
19920850,+0180
19920920,+0190
19921000,+0198
19921050,+0210
19921100,+0206
19921120,+0220
19921150,+0210
19921200,+0212
19921220,+0220
19921250,+0240
19921300,+0236
19921320,+0230
19921350,+0230
19921400,+0234
19921420,+0230
19921450,+0240
19921500,+0236
19921520,+0230
19921550,+0230
19921600,+0235
19921620,+0230
19921650,+0230
19921700,+0227
19921720,+0230
19921750,+0220
19921800,+0221
19921820,+0220
19921850,+0210
19921900,+0213
19921920,+0210
19921950,+0200
19922000,+0198
19922020,+0190
19922050,+0190
19922100,+0188
19922120,+0180
19922150,+0170
19922200,+0173
19922220,+0170
19922250,+0160
19922300,+0163
19922320,+0160
19922350,+0150
19930000,+0149
19930100,+0142
19930200,+0134
19930300,+0127
19930400,+0124
19930500,+0121
19930600,+0129
19930700,+0140
19930800,+0156
19930900,+0175
19931000,+0190
19931100,+0207
19931200,+0217
19931300,+0205
19931400,+0211
19931500,+0214
19931600,+0212
19931700,+0212
19931800,+0208
19931900,+0203
19932000,+0191
19932100,+0182
19932200,+0175
19932300,+0170
19940000,+0201
19940100,+0193
19940200,+0187
19940300,+0176
19940400,+0170
19940500,+0171
19940600,+0175
19940700,+0190
19940800,+0204
19940900,+0220
19941000,+0230
19941100,+0242
19941200,+0248
19941300,+0248
19941400,+0265
19941500,+0265
19941600,+0270
19941700,+0275
19941900,+0255
19942000,+0243
19942100,+0214
19942200,+0201
19942300,+0191
19950000,+0177
19950100,+0162
19950200,+0154
19950300,+0144
19950400,+0136
19950500,+0130
19950600,+0138
19950700,+0155
19950800,+0169
19950900,+0186
19951000,+0189
19951100,+0200
19951200,+0210
19951300,+0214
19951400,+0225
19951500,+0227
19951600,+0229
19951700,+0225
19951800,+0220
19951900,+0213
19952000,+0202
19952100,+0192
19952200,+0179
19952300,+0162
19960000,+0197
19960100,+0180
19960200,+0175
19960300,+0174
19960400,+0170
19960500,+0165
19960600,+0185
19960700,+0210
19960800,+0223
19960900,+0242
19961000,+0282
19961100,+0296
19961200,+0303
19961300,+0306
19961400,+0309
19961500,+0305
19961600,+0304
19961700,+0300
19961800,+0291
19961900,+0280
19962000,+0264
19962100,+0237
19962200,+0235
19962300,+0225
19970000,+0167
19970100,+0167
19970200,+0158
19970300,+0151
19970400,+0145
19970500,+0148
19970600,+0163
19970700,+0185
19970800,+0202
19970900,+0217
19971000,+0230
19971100,+0240
19971200,+0246
19971300,+0251
19971400,+0258
19971500,+0259
19971600,+0262
19971700,+0259
19971800,+0248
19971900,+0243
19972000,+0222
19972100,+0215
19972200,+0209
19972220,+0200
19972250,+0200
19972320,+0190
19972350,+0190
19980000,+0142
19980100,+0139
19980200,+0134
19980300,+0132
19980400,+0132
19980500,+0131
19980600,+0143
19980700,+0162
19980800,+0179
19980900,+0191
19981000,+0208
19981100,+0207
19981200,+0213
19981300,+0211
19981400,+0215
19981500,+0210
19981600,+0203
19981700,+0198
19981800,+0187
19981900,+0189
19982000,+0175
19982100,+0165
19982200,+0155
19982300,+0156
19990000,+0144
19990100,+0138
19990200,+0138
19990300,+0130
19990350,+0110
19990400,+0114
19990450,+0120
19990500,+0121
19990600,+0133
19990650,+0140
19990700,+0141
19990750,+0150
19990800,+0151
19990900,+0159
19990950,+0160
19991000,+0159
19991100,+0154
19991200,+0152
19991300,+0153
19991400,+0163
19991500,+0161
19991600,+0161
19991700,+0148
19991800,+0153
19991900,+0158
19992000,+0158
19992100,+0155
19992200,+0149
19992300,+0138
20000000,+0150
20000050,+0150
20000100,+0147
20000150,+0140
20000200,+0142
20000250,+0140
20000300,+0136
20000350,+0130
20000400,+0130
20000450,+0130
20000500,+0132
20000550,+0140
20000600,+0135
20000650,+0140
20000700,+0138
20000750,+0150
20000800,+0147
20000850,+0150
20000900,+0152
20000950,+0160
20001000,+0164
20001050,+0170
20001100,+0169
20001150,+0180
20001200,+0183
20001250,+0190
20001300,+0191
20001350,+0200
20001400,+0203
20001450,+0210
20001500,+0209
20001550,+0220
20001600,+0215
20001650,+0210
20001700,+0211
20001750,+0200
20001800,+0200
20001850,+0190
20001900,+0186
20001950,+0170
20002000,+0170
20002050,+0170
20002100,+0165
20002150,+0160
20002200,+0156
20002250,+0150
20002300,+0151
20002350,+0140
20010000,+0153
20010050,+0150
20010100,+0148
20010150,+0150
20010200,+0149
20010250,+0150
20010300,+0149
20010350,+0150
20010400,+0147
20010450,+0150
20010500,+0149
20010550,+0160
20010600,+0156
20010650,+0160
20010700,+0163
20010750,+0170
20010800,+0173
20010900,+0183
20011000,+0187
20011100,+0189
20011150,+0190
20011200,+0186
20011250,+0180
20011300,+0184
20011350,+0190
20011400,+0194
20011450,+0190
20011500,+0192
20011550,+0190
20011600,+0185
20011650,+0190
20011700,+0192
20011750,+0190
20011800,+0194
20011900,+0191
20011950,+0190
20012000,+0190
20012050,+0190
20012100,+0189
20012150,+0180
20012200,+0178
20012250,+0170
20012300,+0166
20012350,+0160
20020000,+0132
20020020,+0130
20020050,+0120
20020100,+0123
20020120,+0120
20020150,+0120
20020200,+0117
20020220,+0120
20020250,+0110
20020300,+0109
20020320,+0110
20020350,+0110
20020400,+0106
20020420,+0110
20020450,+0110
20020500,+0111
20020520,+0110
20020550,+0120
20020600,+0124
20020620,+0130
20020650,+0140
20020700,+0140
20020720,+0150
20020750,+0150
20020800,+0146
20020820,+0160
20020850,+0170
20020900,+0166
20020920,+0180
20020950,+0190
20021000,+0187
20021020,+0200
20021050,+0200
20021100,+0198
20021150,+0210
20021200,+0206
20021220,+0200
20021250,+0210
20021300,+0212
20021320,+0210
20021400,+0210
20021420,+0220
20021450,+0220
20021500,+0216
20021520,+0220
20021550,+0220
20021600,+0218
20021620,+0220
20021650,+0220
20021700,+0219
20021720,+0210
20021750,+0210
20021800,+0208
20021820,+0210
20021850,+0200
20021900,+0201
20021920,+0200
20021950,+0190
20022000,+0192
20022020,+0180
20022050,+0180
20022100,+0176
20022120,+0180
20022150,+0170
20022200,+0168
20022220,+0160
20022250,+0160
20022300,+0155
20022320,+0150
20022350,+0150
20030000,+0162
20030020,+0160
20030050,+0160
20030100,+0155
20030120,+0150
20030150,+0150
20030200,+0149
20030220,+0150
20030250,+0150
20030300,+0148
20030320,+0150
20030350,+0150
20030400,+0151
20030420,+0150
20030450,+0150
20030500,+0151
20030520,+0150
20030550,+0160
20030600,+0156
20030620,+0160
20030650,+0170
20030700,+0171
20030720,+0180
20030750,+0190
20030800,+0192
20030820,+0200
20030850,+0200
20030900,+0202
20030920,+0210
20030950,+0200
20031000,+0200
20031020,+0230
20031050,+0230
20031100,+0225
20031120,+0240
20031150,+0220
20031200,+0222
20031220,+0220
20031250,+0230
20031300,+0225
20031320,+0230
20031350,+0220
20031400,+0222
20031420,+0230
20031450,+0230
20031500,+0233
20031520,+0240
20031550,+0230
20031600,+0231
20031620,+0240
20031650,+0230
20031700,+0227
20031720,+0230
20031750,+0220
20031800,+0222
20031820,+0220
20031850,+0210
20031900,+0211
20031920,+0210
20031950,+0200
20032000,+0204
20032020,+0200
20032050,+0200
20032100,+0195
20032120,+0190
20032150,+0190
20032200,+0185
20032220,+0180
20032250,+0180
20032300,+0175
20032320,+0170
20032350,+0160
20040000,+0161
20040020,+0160
20040050,+0160
20040100,+0157
20040120,+0160
20040150,+0160
20040200,+0164
20040220,+0160
20040250,+0160
20040300,+0155
20040320,+0160
20040350,+0150
20040400,+0152
20040420,+0150
20040450,+0150
20040500,+0154
20040520,+0160
20040550,+0160
20040600,+0162
20040620,+0170
20040650,+0170
20040700,+0170
20040720,+0180
20040750,+0180
20040800,+0181
20040820,+0190
20040850,+0200
20040900,+0201
20040920,+0210
20040950,+0220
20041000,+0216
20041020,+0230
20041050,+0230
20041100,+0233
20041120,+0250
20041150,+0240
20041200,+0243
20041220,+0250
20041250,+0260
20041300,+0260
20041320,+0260
20041350,+0260
20041400,+0263
20041420,+0260
20041450,+0250
20041500,+0250
20041520,+0250
20041550,+0240
20041600,+0240
20041620,+0240
20041650,+0230
20041700,+0234
20041720,+0230
20041750,+0230
20041800,+0230
20041820,+0230
20041850,+0230
20041900,+0227
20041920,+0220
20041950,+0220
20042000,+0220
20042020,+0220
20042050,+0220
20042100,+0221
20042120,+0220
20042150,+0210
20042200,+0210
20042220,+0210
20042250,+0210
20042300,+0205
20042320,+0200
20042350,+0200
20050000,+0142
20050050,+0130
20050100,+0134
20050150,+0130
20050200,+0134
20050250,+0130
20050300,+0127
20050350,+0130
20050400,+0126
20050450,+0130
20050500,+0127
20050550,+0140
20050600,+0140
20050650,+0150
20050700,+0154
20050750,+0160
20050800,+0163
20050850,+0170
20050900,+0172
20050950,+0170
20051000,+0172
20051050,+0180
20051100,+0183
20051150,+0200
20051200,+0195
20051220,+0190
20051250,+0200
20051300,+0201
20051350,+0200
20051400,+0202
20051450,+0200
20051500,+0203
20051550,+0200
20051600,+0203
20051650,+0210
20051700,+0213
20051750,+0210
20051800,+0211
20051820,+0210
20051850,+0210
20051900,+0207
20051950,+0190
20052000,+0193
20052050,+0180
20052100,+0184
20052120,+0180
20052150,+0180
20052200,+0179
20052250,+0170
20052300,+0172
20052350,+0170
20060000,+0234
20060020,+0230
20060050,+0220
20060100,+0224
20060120,+0210
20060150,+0220
20060200,+0223
20060220,+0210
20060250,+0220
20060300,+0223
20060320,+0220
20060350,+0210
20060400,+0217
20060420,+0210
20060450,+0200
20060500,+0205
20060520,+0200
20060550,+0200
20060600,+0203
20060620,+0200
20060650,+0200
20060700,+0209
20060720,+0210
20060750,+0220
20060800,+0222
20060820,+0230
20060850,+0250
20060900,+0248
20060920,+0260
20060950,+0260
20061020,+0270
20061050,+0280
20061100,+0278
20061120,+0290
20061150,+0280
20061200,+0274
20061220,+0250
20061250,+0240
20061300,+0241
20061320,+0210
20061350,+0200
20061400,+0205
20061420,+0200
20061450,+0210
20061500,+0215
20061520,+0220
20061550,+0230
20061600,+0230
20061620,+0230
20061650,+0230
20061700,+0239
20061720,+0230
20061750,+0220
20061800,+0232
20061820,+0230
20061850,+0230
20061900,+0229
20061920,+0220
20061950,+0210
20062000,+0219
20062020,+0210
20062050,+0210
20062100,+0211
20062120,+0210
20062150,+0200
20062200,+0204
20062220,+0200
20062250,+0200
20062300,+0196
20062350,+0190
20070000,+0133
20070020,+0140
20070050,+0130
20070100,+0133
20070120,+0130
20070150,+0130
20070200,+0131
20070220,+0130
20070250,+0130
20070300,+0131
20070320,+0130
20070350,+0130
20070400,+0122
20070420,+0120
20070450,+0120
20070500,+0120
20070520,+0120
20070550,+0120
20070600,+0120
20070620,+0120
20070650,+0130
20070700,+0131
20070720,+0130
20070750,+0140
20070800,+0139
20070820,+0150
20070850,+0150
20070900,+0153
20070920,+0160
20070950,+0170
20071000,+0168
20071020,+0170
20071050,+0180
20071100,+0180
20071120,+0190
20071150,+0180
20071200,+0189
20071220,+0180
20071250,+0200
20071300,+0190
20071320,+0200
20071350,+0200
20071400,+0191
20071420,+0200
20071450,+0200
20071500,+0199
20071520,+0200
20071550,+0210
20071600,+0203
20071620,+0200
20071650,+0200
20071700,+0203
20071720,+0200
20071750,+0200
20071800,+0198
20071820,+0200
20071850,+0190
20071900,+0187
20071920,+0180
20071950,+0170
20072000,+0175
20072020,+0170
20072050,+0160
20072100,+0163
20072120,+0150
20072150,+0150
20072200,+0153
20072220,+0150
20072250,+0140
20072300,+0139
20072320,+0140
20072350,+0140
20080000,+0127
20080020,+0130
20080050,+0120
20080100,+0118
20080120,+0110
20080150,+0120
20080200,+0118
20080220,+0110
20080250,+0110
20080300,+0107
20080320,+0120
20080350,+0110
20080400,+0113
20080420,+0120
20080450,+0110
20080500,+0107
20080520,+0120
20080550,+0130
20080600,+0122
20080620,+0140
20080650,+0150
20080700,+0145
20080720,+0160
20080750,+0170
20080800,+0168
20080820,+0180
20080850,+0190
20080900,+0192
20080920,+0200
20080950,+0210
20081000,+0205
20081020,+0210
20081050,+0220
20081100,+0205
20081120,+0220
20081150,+0220
20081200,+0208
20081220,+0220
20081250,+0220
20081300,+0215
20081320,+0230
20081350,+0230
20081400,+0223
20081420,+0230
20081450,+0230
20081500,+0224
20081520,+0230
20081550,+0220
20081600,+0225
20081620,+0230
20081650,+0220
20081700,+0227
20081720,+0230
20081750,+0220
20081800,+0229
20081820,+0220
20081850,+0220
20081900,+0224
20081920,+0220
20081950,+0210
20082000,+0217
20082020,+0210
20082050,+0200
20082100,+0209
20082120,+0200
20082150,+0210
20082200,+0204
20082220,+0200
20082250,+0180
20082300,+0191
20082320,+0190
20082350,+0190
20090000,+0161
20090020,+0160
20090050,+0160
20090100,+0155
20090120,+0150
20090150,+0150
20090200,+0151
20090220,+0150
20090250,+0150
20090300,+0151
20090320,+0150
20090350,+0150
20090400,+0148
20090420,+0150
20090450,+0150
20090500,+0149
20090520,+0150
20090550,+0150
20090600,+0154
20090620,+0160
20090650,+0170
20090700,+0171
20090720,+0180
20090750,+0180
20090800,+0185
20090820,+0190
20090850,+0190
20090900,+0192
20090920,+0190
20090950,+0200
20091000,+0199
20091020,+0200
20091050,+0200
20091100,+0213
20091120,+0200
20091150,+0210
20091220,+0210
20091250,+0210
20091300,+0214
20091320,+0210
20091350,+0210
20091420,+0210
20091450,+0210
20091500,+0210
20091520,+0220
20091550,+0210
20091600,+0204
20091620,+0210
20091650,+0200
20091700,+0196
20091720,+0190
20091750,+0190
20091800,+0194
20091820,+0180
20091850,+0180
20091900,+0183
20091920,+0180
20091950,+0180
20092000,+0184
20092020,+0180
20092050,+0170
20092100,+0174
20092120,+0160
20092150,+0160
20092200,+0163
20092220,+0160
20092300,+0153
20092320,+0150
20092350,+0150
20100000,+0151
20100020,+0150
20100050,+0150
20100100,+0147
20100120,+0140
20100150,+0140
20100200,+0143
20100220,+0140
20100250,+0140
20100300,+0141
20100320,+0140
20100350,+0140
20100400,+0140
20100420,+0140
20100450,+0140
20100500,+0141
20100520,+0150
20100600,+0157
20100620,+0160
20100650,+0170
20100700,+0170
20100720,+0180
20100750,+0180
20100800,+0190
20100820,+0190
20100850,+0190
20100900,+0203
20100920,+0200
20100950,+0200
20101000,+0200
20101020,+0170
20101050,+0160
20101100,+0164
20101120,+0170
20101150,+0190
20101200,+0182
20101220,+0190
20101250,+0200
20101300,+0207
20101320,+0190
20101350,+0210
20101400,+0202
20101420,+0220
20101450,+0200
20101500,+0202
20101520,+0210
20101550,+0190
20101600,+0192
20101620,+0180
20101650,+0190
20101700,+0186
20101720,+0180
20101750,+0160
20101800,+0169
20101820,+0180
20101850,+0180
20101900,+0181
20101920,+0170
20101950,+0170
20102000,+0173
20102020,+0170
20102050,+0170
20102100,+0169
20102120,+0160
20102150,+0160
20102200,+0163
20102220,+0160
20102250,+0160
20102300,+0156
20102320,+0160
20102350,+0150
20110000,+0128
20110020,+0130
20110050,+0120
20110100,+0121
20110120,+0120
20110150,+0120
20110200,+0117
20110220,+0120
20110250,+0110
20110300,+0114
20110320,+0110
20110350,+0110
20110400,+0111
20110420,+0110
20110500,+0109
20110520,+0110
20110600,+0118
20110650,+0130
20110700,+0132
20110750,+0150
20110800,+0147
20110820,+0150
20110900,+0161
20110920,+0170
20110950,+0170
20111000,+0168
20111020,+0160
20111100,+0176
20111120,+0190
20111150,+0190
20111200,+0186
20111220,+0190
20111250,+0210
20111300,+0192
20111320,+0200
20111350,+0200
20111400,+0192
20111450,+0190
20111500,+0195
20111520,+0190
20111550,+0190
20111600,+0196
20111620,+0190
20111700,+0193
20111800,+0191
20111820,+0190
20111850,+0180
20111900,+0187
20111950,+0170
20112000,+0179
20112020,+0150
20112100,+0140
20112150,+0140
20112200,+0134
20112220,+0140
20112250,+0130
20112300,+0133
20112320,+0130
20112350,+0130
20120000,+0141
20120020,+0130
20120050,+0130
20120100,+0136
20120120,+0130
20120150,+0130
20120200,+0133
20120300,+0128
20120320,+0120
20120400,+0128
20120500,+0127
20120600,+0143
20120620,+0150
20120700,+0157
20120800,+0170
20120850,+0190
20120900,+0186
20120950,+0200
20121000,+0199
20121020,+0210
20121100,+0202
20121150,+0220
20121200,+0211
20121300,+0222
20121400,+0219
20121420,+0230
20121450,+0230
20121500,+0229
20121520,+0230
20121700,+0220
20121800,+0216
20121900,+0211
20122000,+0198
20122100,+0181
20122200,+0170
20122220,+0160
20122250,+0150
20122300,+0155
20130000,+0200
20130020,+0200
20130050,+0190
20130100,+0191
20130120,+0190
20130150,+0190
20130200,+0191
20130220,+0180
20130250,+0190
20130300,+0186
20130320,+0180
20130350,+0180
20130400,+0178
20130420,+0180
20130450,+0180
20130500,+0178
20130520,+0180
20130550,+0180
20130600,+0172
20130620,+0180
20130650,+0190
20130700,+0186
20130720,+0200
20130750,+0210
20130800,+0205
20130820,+0220
20130850,+0230
20130900,+0224
20130920,+0240
20130950,+0260
20131000,+0255
20131020,+0270
20131050,+0280
20131100,+0285
20131120,+0300
20131150,+0300
20131200,+0313
20131220,+0310
20131250,+0320
20131300,+0322
20131320,+0320
20131350,+0330
20131400,+0332
20131420,+0330
20131450,+0320
20131500,+0319
20131520,+0320
20131550,+0330
20131600,+0326
20131620,+0320
20131650,+0310
20131700,+0310
20131720,+0310
20131750,+0300
20131800,+0299
20131820,+0290
20131850,+0280
20131900,+0282
20131920,+0270
20131950,+0260
20132000,+0268
20132020,+0260
20132050,+0250
20132100,+0258
20132120,+0250
20132150,+0250
20132200,+0250
20132220,+0240
20132250,+0230
20132300,+0233
20132320,+0230
20132350,+0230
20140000,+0197
20140020,+0190
20140050,+0190
20140100,+0188
20140120,+0180
20140150,+0180
20140200,+0177
20140220,+0170
20140250,+0170
20140300,+0171
20140320,+0170
20140350,+0160
20140400,+0164
20140420,+0160
20140450,+0160
20140500,+0163
20140520,+0160
20140550,+0160
20140600,+0160
20140620,+0160
20140650,+0170
20140700,+0174
20140720,+0180
20140750,+0190
20140800,+0190
20140820,+0200
20140850,+0200
20140900,+0205
20140920,+0210
20140950,+0220
20141000,+0221
20141020,+0230
20141050,+0240
20141100,+0232
20141120,+0240
20141150,+0250
20141200,+0244
20141220,+0250
20141250,+0260
20141300,+0259
20141320,+0270
20141350,+0260
20141400,+0270
20141420,+0270
20141450,+0270
20141500,+0270
20141520,+0270
20141550,+0260
20141600,+0260
20141620,+0270
20141650,+0260
20141700,+0263
20141720,+0260
20141750,+0260
20141800,+0257
20141820,+0250
20141850,+0250
20141900,+0248
20141920,+0240
20141950,+0230
20142000,+0231
20142020,+0220
20142050,+0210
20142100,+0215
20142120,+0210
20142150,+0200
20142200,+0198
20142220,+0190
20142250,+0190
20142300,+0186
20142320,+0180
20142350,+0180
20150000,+0169
20150020,+0170
20150050,+0160
20150100,+0156
20150120,+0160
20150150,+0160
20150200,+0152
20150220,+0150
20150250,+0150
20150300,+0152
20150320,+0150
20150350,+0150
20150400,+0145
20150420,+0150
20150450,+0150
20150500,+0149
20150520,+0150
20150550,+0160
20150600,+0158
20150620,+0160
20150650,+0170
20150700,+0168
20150720,+0180
20150750,+0190
20150800,+0190
20150820,+0190
20150850,+0200
20150900,+0200
20150920,+0210
20150950,+0210
20151020,+0210
20151050,+0220
20151100,+0210
20151120,+0220
20151150,+0210
20151200,+0220
20151220,+0210
20151250,+0210
20151320,+0220
20151350,+0210
20151400,+0207
20151420,+0190
20151450,+0180
20151500,+0180
20151520,+0190
20151550,+0200
20151600,+0196
20151620,+0200
20151650,+0210
20151700,+0211
20151720,+0210
20151750,+0210
20151800,+0208
20151820,+0210
20151850,+0200
20151900,+0196
20151920,+0200
20151950,+0190
20152000,+0185
20152020,+0180
20152050,+0180
20152100,+0175
20152120,+0170
20152150,+0170
20152200,+0160
20152220,+0160
20152250,+0150
20152300,+0156
20152320,+0140
20152350,+0140
20160000,+0186
20160020,+0180
20160050,+0180
20160100,+0180
20160120,+0180
20160150,+0180
20160200,+0182
20160220,+0180
20160250,+0180
20160300,+0179
20160320,+0180
20160350,+0170
20160400,+0176
20160420,+0170
20160450,+0170
20160500,+0174
20160520,+0170
20160550,+0180
20160600,+0175
20160620,+0180
20160650,+0180
20160700,+0181
20160720,+0180
20160750,+0190
20160800,+0188
20160820,+0190
20160850,+0200
20160900,+0198
20160920,+0200
20160950,+0210
20161000,+0209
20161020,+0220
20161050,+0230
20161100,+0219
20161120,+0230
20161150,+0230
20161200,+0227
20161220,+0230
20161250,+0230
20161300,+0233
20161320,+0230
20161350,+0220
20161400,+0221
20161420,+0230
20161450,+0230
20161500,+0227
20161520,+0230
20161550,+0230
20161600,+0230
20161620,+0230
20161650,+0230
20161700,+0231
20161720,+0230
20161750,+0230
20161800,+0230
20161820,+0230
20161850,+0220
20161900,+0224
20161920,+0220
20161950,+0210
20162020,+0210
20162050,+0210
20162100,+0218
20162120,+0210
20162150,+0200
20162200,+0208
20162220,+0200
20162250,+0190
20162300,+0194
20162320,+0190
20162350,+0190
20170000,+0144
20170020,+0140
20170050,+0140
20170100,+0141
20170120,+0140
20170150,+0140
20170200,+0140
20170220,+0140
20170250,+0140
20170300,+0140
20170320,+0140
20170350,+0140
20170400,+0137
20170420,+0140
20170450,+0140
20170500,+0136
20170520,+0140
20170550,+0140
20170600,+0141
20170620,+0140
20170650,+0150
20170700,+0153
20170720,+0160
20170750,+0170
20170800,+0160
20170820,+0170
20170850,+0180
20170900,+0165
20170920,+0180
20170950,+0180
20171000,+0161
20171020,+0190
20171050,+0190
20171100,+0183
20171120,+0180
20171150,+0170
20171200,+0172
20171220,+0170
20171250,+0170
20171300,+0168
20171320,+0150
20171350,+0140
20171400,+0140
20171420,+0140
20171450,+0140
20171500,+0134
20171520,+0140
20171550,+0140
20171600,+0139
20171620,+0140
20171650,+0140
20171700,+0136
20171720,+0140
20171750,+0140
20171800,+0136
20171820,+0140
20171850,+0140
20171900,+0135
20171920,+0140
20171950,+0140
20172000,+0137
20172020,+0140
20172050,+0140
20172100,+0137
20172120,+0140
20172150,+0130
20172200,+0131
20172220,+0130
20172250,+0130
20172300,+0129
20172320,+0120
20172350,+0130
20180000,+0194
20180020,+0180
20180050,+0180
20180100,+0188
20180120,+0170
20180150,+0180
20180200,+0178
20180220,+0180
20180250,+0170
20180300,+0171
20180320,+0170
20180350,+0170
20180400,+0180
20180420,+0160
20180450,+0160
20180500,+0169
20180520,+0170
20180550,+0180
20180600,+0181
20180620,+0180
20180650,+0180
20180700,+0185
20180720,+0190
20180750,+0200
20180800,+0206
20180820,+0210
20180850,+0220
20180900,+0219
20180920,+0230
20180950,+0230
20181000,+0242
20181020,+0240
20181050,+0240
20181100,+0245
20181120,+0250
20181150,+0260
20181200,+0269
20181220,+0270
20181250,+0260
20181300,+0270
20181320,+0270
20181350,+0280
20181400,+0281
20181420,+0280
20181450,+0280
20181500,+0281
20181520,+0280
20181550,+0280
20181600,+0284
20181620,+0280
20181650,+0280
20181700,+0281
20181720,+0280
20181750,+0280
20181800,+0279
20181820,+0280
20181850,+0270
20181900,+0273
20181920,+0270
20181950,+0260
20182000,+0260
20182020,+0250
20182050,+0240
20182100,+0243
20182120,+0240
20182150,+0230
20182200,+0230
20182220,+0220
20182250,+0220
20182300,+0218
20182320,+0210
20182350,+0210
20190000,+0165
20190020,+0170
20190050,+0170
20190100,+0168
20190120,+0170
20190150,+0170
20190200,+0171
20190220,+0170
20190250,+0170
20190300,+0174
20190320,+0170
20190350,+0180
20190400,+0176
20190420,+0180
20190450,+0180
20190500,+0179
20190520,+0180
20190550,+0180
20190600,+0185
20190620,+0180
20190650,+0190
20190700,+0193
20190720,+0200
20190750,+0210
20190800,+0208
20190820,+0220
20190850,+0210
20190900,+0218
20190920,+0210
20190950,+0210
20191000,+0214
20191020,+0210
20191050,+0220
20191100,+0224
20191120,+0240
20191150,+0240
20191200,+0249
20191220,+0250
20191250,+0250
20191300,+0265
20191320,+0260
20191350,+0260
20191400,+0267
20191420,+0260
20191450,+0270
20191500,+0275
20191520,+0270
20191550,+0270
20191600,+0265
20191620,+0270
20191650,+0260
20191700,+0265
20191720,+0260
20191750,+0260
20191800,+0258
20191820,+0260
20191850,+0250
20191900,+0247
20191920,+0240
20191950,+0230
20192000,+0237
20192020,+0230
20192050,+0220
20192100,+0226
20192120,+0220
20192150,+0210
20192200,+0214
20192220,+0210
20192250,+0200
20192300,+0195
20192320,+0200
20192350,+0200
20200000,+0159
20200020,+0160
20200050,+0150
20200100,+0155
20200120,+0150
20200150,+0150
20200200,+0150
20200220,+0150
20200250,+0150
20200300,+0151
20200320,+0150
20200350,+0140
20200400,+0144
20200420,+0140
20200450,+0130
20200500,+0140
20200520,+0140
20200550,+0150
20200600,+0152
20200620,+0160
20200650,+0160
20200700,+0163
20200720,+0170
20200750,+0180
20200800,+0185
20200820,+0190
20200850,+0200
20200900,+0198
20200920,+0210
20200950,+0220
20201000,+0220
20201020,+0230
20201050,+0230
20201100,+0230
20201120,+0240
20201150,+0230
20201200,+0245
20201220,+0240
20201250,+0250
20201300,+0246
20201320,+0240
20201350,+0250
20201400,+0261
20201420,+0250
20201450,+0250
20201500,+0257
20201520,+0250
20201550,+0260
20201600,+0254
20201620,+0250
20201650,+0250
20201700,+0244
20201720,+0250
20201750,+0250
20201800,+0250
20201820,+0240
20201850,+0220
20201900,+0225
20201920,+0220
20201950,+0210
20202000,+0210
20202020,+0200
20202050,+0190
20202100,+0195
20202120,+0190
20202150,+0180
20202200,+0181
20202220,+0180
20202250,+0160
20202300,+0173
20202320,+0160
20202350,+0160
20210000,+0206
20210020,+0200
20210050,+0190
20210100,+0202
20210120,+0190
20210150,+0180
20210200,+0191
20210220,+0180
20210250,+0180
20210300,+0187
20210320,+0180
20210350,+0170
20210400,+0183
20210420,+0180
20210450,+0180
20210500,+0179
20210520,+0180
20210550,+0190
20210600,+0197
20210620,+0200
20210650,+0210
20210700,+0214
20210720,+0210
20210750,+0220
20210800,+0233
20210820,+0230
20210850,+0240
20210900,+0254
20210920,+0240
20210950,+0250
20211000,+0265
20211020,+0260
20211050,+0260
20211100,+0273
20211120,+0270
20211150,+0270
20211200,+0283
20211220,+0280
20211250,+0280
20211300,+0287
20211320,+0270
20211350,+0270
20211400,+0288
20211420,+0280
20211450,+0280
20211500,+0290
20211520,+0280
20211550,+0280
20211600,+0286
20211620,+0270
20211650,+0270
20211700,+0276
20211720,+0270
20211750,+0260
20211800,+0265
20211820,+0260
20211850,+0250
20211900,+0252
20211920,+0240
20211950,+0230
20212000,+0234
20212020,+0220
20212050,+0210
20212100,+0221
20212120,+0210
20212150,+0200
20212200,+0210
20212220,+0200
20212250,+0190
20212300,+0194
20212320,+0190
20212350,+0180
20220000,+0186
20220020,+0180
20220050,+0180
20220100,+0181
20220120,+0180
20220150,+0180
20220200,+0180
20220220,+0180
20220250,+0180
20220300,+0178
20220320,+0170
20220350,+0170
20220400,+0174
20220420,+0170
20220450,+0170
20220500,+0172
20220520,+0170
20220550,+0170
20220600,+0175
20220620,+0170
20220650,+0180
20220700,+0188
20220720,+0180
20220750,+0190
20220800,+0188
20220820,+0190
20220850,+0200
20220900,+0209
20220920,+0210
20220950,+0200
20221000,+0211
20221020,+0210
20221050,+0210
20221100,+0213
20221120,+0210
20221150,+0210
20221200,+0210
20221220,+0210
20221250,+0220
20221300,+0220
20221320,+0220
20221350,+0220
20221400,+0224
20221420,+0210
20221450,+0210
20221500,+0203
20221520,+0220
20221550,+0210
20221600,+0215
20221620,+0220
20221650,+0210
20221700,+0213
20221720,+0210
20221750,+0210
20221800,+0209
20221820,+0210
20221850,+0200
20221900,+0201
20221920,+0200
20221950,+0190
20222000,+0187
20222020,+0180
20222050,+0170
20222100,+0174
20222120,+0170
20222150,+0160
20222200,+0165
20222220,+0160
20222250,+0160
20222300,+0166
20222320,+0170
20222350,+0170
