year,hour,obs,D1,D7,D30,D365
1944,0,,,,,
1944,1,,,,,
1944,2,,,,,
1944,3,,,,,
1944,4,,,,,
1944,5,,,,,
1944,6,,,,,
1944,7,,,,,
1944,8,,,,,
1944,9,,,,,
1944,10,,,,,
1944,11,,,,,
1944,12,,,,,
1944,13,,,,,
1944,14,,,,,
1944,15,,,,,
1944,16,,,,,
1944,17,,,,,
1944,18,,,,,
1944,19,,,,,
1944,20,,,,,
1944,21,,,,,
1944,22,,,,,
1944,23,,,,,
1945,0,161,147,205,210,
1945,1,161,148,204,210,
1945,2,167,150,204,210,
1945,3,161,150,204,210,
1945,4,161,152,204,210,
1945,5,161,153,204,210,
1945,6,167,154,204,210,
1945,7,161,155,204,210,
1945,8,161,156,204,210,
1945,9,161,157,204,210,
1945,10,161,158,204,210,
1945,11,161,158,204,210,
1945,12,167,159,204,210,
1945,13,178,161,204,210,
1945,14,194,162,204,210,
1945,15,206,164,203,210,
1945,16,222,167,204,210,
1945,17,228,170,204,210,
1945,18,228,173,204,210,
1945,19,239,177,204,210,
1945,20,250,181,204,210,
1945,21,222,183,204,210,
1945,22,200,185,204,210,
1945,23,194,186,204,210,
1946,0,183,184,195,206,104
1946,1,178,183,195,206,104
1946,2,178,182,195,206,104
1946,3,178,182,195,206,104
1946,4,167,182,195,206,104
1946,5,161,181,195,206,104
1946,6,167,182,195,206,104
1946,7,161,182,195,206,104
1946,8,161,182,195,206,104
1946,9,161,183,195,206,104
1946,10,156,184,195,206,104
1946,11,167,185,195,205,104
1946,12,172,186,195,205,104
1946,13,183,186,195,205,104
1946,14,206,186,195,205,104
1946,15,200,186,195,205,104
1946,16,206,185,195,205,104
1946,17,206,185,195,205,104
1946,18,217,186,196,205,104
1946,19,200,185,196,205,104
1946,20,183,183,196,205,104
1946,21,183,182,196,205,104
1946,22,183,181,196,205,104
1946,23,172,180,196,205,104
1947,0,283,285,239,231,109
1947,1,272,284,239,231,109
1947,2,267,284,240,231,109
1947,3,261,284,240,231,110
1947,4,256,284,241,231,110
1947,5,250,284,241,231,110
1947,6,244,284,242,231,110
1947,7,239,284,242,231,110
1947,8,239,284,242,231,110
1947,9,233,284,242,231,110
1947,10,233,284,243,231,110
1947,11,239,284,243,232,110
1947,12,244,284,243,232,110
1947,13,272,284,243,232,110
1947,14,294,284,244,232,110
1947,15,300,283,244,232,110
1947,16,311,282,244,232,110
1947,17,306,280,244,232,110
1947,18,206,274,243,232,110
1947,19,217,269,243,232,110
1947,20,217,264,242,231,110
1947,21,217,259,242,231,110
1947,22,211,254,242,231,110
1947,23,211,251,241,231,110
1948,0,311,276,226,223,98
1948,1,306,279,226,223,98
1948,2,294,281,227,223,98
1948,3,289,283,228,223,98
1948,4,283,285,228,223,98
1948,5,283,287,229,223,98
1948,6,278,289,230,223,98
1948,7,278,292,231,223,98
1948,8,278,294,231,223,98
1948,9,278,296,232,223,98
1948,10,278,298,233,223,98
1948,11,278,300,233,224,98
1948,12,294,302,234,224,98
1948,13,317,305,235,224,98
1948,14,333,307,236,224,98
1948,15,350,309,236,224,98
1948,16,361,311,237,224,98
1948,17,350,311,238,224,98
1948,18,317,310,239,225,98
1948,19,328,310,239,225,98
1948,20,344,310,240,225,98
1948,21,333,309,241,225,98
1948,22,294,307,241,225,98
1948,23,289,306,242,225,98
1949,0,206,190,211,238,120
1949,1,200,191,211,238,120
1949,2,194,191,211,238,120
1949,3,189,191,211,238,120
1949,4,183,191,211,238,120
1949,5,183,192,211,238,120
1949,6,183,192,211,238,120
1949,7,183,193,211,238,120
1949,8,178,195,211,238,120
1949,9,178,196,211,238,120
1949,10,172,197,211,238,120
1949,11,183,199,211,238,120
1949,12,206,200,211,238,120
1949,13,222,202,211,238,120
1949,14,250,203,212,238,120
1949,15,278,206,212,238,120
1949,16,306,209,212,238,120
1949,17,328,214,213,238,120
1949,18,339,219,214,238,120
1949,19,356,225,214,238,120
1949,20,350,230,215,238,120
1949,21,344,235,216,238,120
1949,22,333,240,216,238,120
1949,23,294,243,217,238,120
1950,0,222,213,212,218,107
1950,1,217,214,212,218,107
1950,2,211,214,212,217,107
1950,3,206,214,212,217,107
1950,4,200,214,212,217,107
1950,5,200,214,212,217,107
1950,6,189,214,212,217,107
1950,7,189,214,212,217,107
1950,8,183,214,212,217,107
1950,9,183,214,212,217,107
1950,10,183,214,212,217,107
1950,11,194,214,211,217,107
1950,12,206,215,211,217,107
1950,13,222,215,211,217,107
1950,14,250,216,212,217,107
1950,15,267,217,212,217,107
1950,16,283,219,212,217,107
1950,17,289,221,212,217,107
1950,18,294,223,212,217,107
1950,19,294,225,212,217,107
1950,20,278,227,213,217,107
1950,21,267,228,213,217,107
1950,22,261,230,213,217,107
1950,23,250,231,213,217,107
1951,0,183,185,199,210,111
1951,1,178,185,199,210,111
1951,2,172,185,199,210,111
1951,3,172,185,199,209,111
1951,4,172,185,199,209,111
1951,5,172,185,199,209,111
1951,6,172,185,199,209,111
1951,7,167,185,199,209,111
1951,8,167,185,199,209,111
1951,9,161,185,199,209,111
1951,10,167,186,199,209,111
1951,11,172,187,199,209,111
1951,12,194,187,199,208,111
1951,13,206,188,199,208,111
1951,14,222,189,200,208,111
1951,15,233,190,200,208,111
1951,16,222,190,200,208,111
1951,17,228,190,200,208,111
1951,18,222,190,200,208,111
1951,19,211,190,199,208,111
1951,20,211,191,199,208,111
1951,21,194,191,199,208,111
1951,22,189,190,199,208,111
1951,23,189,191,198,207,111
1952,0,217,207,197,223,111
1952,1,211,207,197,223,111
1952,2,211,208,197,223,111
1952,3,206,208,197,223,111
1952,4,194,209,197,222,111
1952,5,194,210,197,222,111
1952,6,189,210,197,222,111
1952,7,189,211,197,222,111
1952,8,183,212,198,222,111
1952,9,178,213,198,222,111
1952,10,178,214,198,222,111
1952,11,183,215,198,222,111
1952,12,200,216,198,222,111
1952,13,233,217,198,222,111
1952,14,256,218,199,222,111
1952,15,272,219,199,222,111
1952,16,272,220,199,222,111
1952,17,278,221,199,222,111
1952,18,294,223,200,222,111
1952,19,294,225,200,222,111
1952,20,272,226,200,222,111
1952,21,272,227,200,222,111
1952,22,283,229,201,222,111
1952,23,289,231,201,222,111
1953,0,194,189,198,213,113
1953,1,189,188,198,213,113
1953,2,194,188,198,213,113
1953,3,194,187,198,213,113
1953,4,194,187,199,213,113
1953,5,189,187,199,213,113
1953,6,189,187,199,213,113
1953,7,183,187,199,213,113
1953,8,183,187,199,212,113
1953,9,183,188,199,212,113
1953,10,183,189,200,212,113
1953,11,189,189,200,212,113
1953,12,200,191,200,212,113
1953,13,222,193,200,212,113
1953,14,244,196,200,212,113
1953,15,261,199,201,212,113
1953,16,283,203,201,212,113
1953,17,294,207,201,212,113
1953,18,300,211,202,212,113
1953,19,311,215,202,213,113
1953,20,300,219,202,213,113
1953,21,306,224,203,213,113
1953,22,294,228,203,213,113
1953,23,283,232,204,213,113
1954,0,272,270,226,218,112
1954,1,261,271,227,218,112
1954,2,256,272,227,218,112
1954,3,244,272,227,218,112
1954,4,244,273,228,218,112
1954,5,244,273,228,219,112
1954,6,244,274,228,219,112
1954,7,244,274,229,219,112
1954,8,239,274,229,219,112
1954,9,239,274,229,219,112
1954,10,239,274,230,219,112
1954,11,239,274,230,219,112
1954,12,239,273,230,219,112
1954,13,244,272,230,219,112
1954,14,250,271,231,219,112
1954,15,228,268,231,219,112
1954,16,211,263,231,219,112
1954,17,172,257,230,219,112
1954,18,172,251,230,219,112
1954,19,161,244,229,219,112
1954,20,161,238,229,218,112
1954,21,156,231,228,218,112
1954,22,161,225,228,218,112
1954,23,161,220,227,218,112
1955,0,189,187,237,237,111
1955,1,183,187,236,237,111
1955,2,183,187,236,237,111
1955,3,167,186,236,237,111
1955,4,161,186,235,237,111
1955,5,156,185,235,237,111
1955,6,150,185,235,237,111
1955,7,144,184,234,237,111
1955,8,144,183,234,237,111
1955,9,139,183,233,237,111
1955,10,139,182,233,236,111
1955,11,150,181,232,236,111
1955,12,178,181,232,236,111
1955,13,206,181,232,236,111
1955,14,228,182,232,236,111
1955,15,239,184,232,236,111
1955,16,261,186,232,236,111
1955,17,267,188,233,236,111
1955,18,272,191,233,236,111
1955,19,278,194,234,236,111
1955,20,278,197,234,236,111
1955,21,278,200,235,236,111
1955,22,272,202,235,236,111
1955,23,261,205,235,236,111
1956,0,200,195,196,221,97
1956,1,194,195,195,221,97
1956,2,183,195,195,221,97
1956,3,178,195,195,221,97
1956,4,178,195,194,221,97
1956,5,167,196,194,221,97
1956,6,161,196,193,221,97
1956,7,161,196,193,221,97
1956,8,156,197,192,221,97
1956,9,150,197,192,221,97
1956,10,156,198,191,220,97
1956,11,172,200,191,220,97
1956,12,189,200,191,220,97
1956,13,217,202,190,220,97
1956,14,233,203,190,221,97
1956,15,244,203,189,221,97
1956,16,250,204,189,221,97
1956,17,267,205,189,221,97
1956,18,267,206,189,221,97
1956,19,267,206,188,221,97
1956,20,267,207,188,221,97
1956,21,272,208,188,221,97
1956,22,261,209,188,221,97
1956,23,250,210,188,221,97
1957,0,178,181,192,214,108
1957,1,172,180,192,214,108
1957,2,178,180,192,214,108
1957,3,178,179,192,214,108
1957,4,178,179,192,214,108
1957,5,172,179,192,214,108
1957,6,178,179,192,214,108
1957,7,172,178,192,214,108
1957,8,172,178,192,214,108
1957,9,172,178,192,214,108
1957,10,172,178,192,214,108
1957,11,167,177,192,214,108
1957,12,172,177,192,214,108
1957,13,178,177,191,214,108
1957,14,183,177,191,213,108
1957,15,189,177,191,213,108
1957,16,189,177,190,213,108
1957,17,189,177,190,213,108
1957,18,189,177,190,213,108
1957,19,194,178,190,213,108
1957,20,200,179,189,213,108
1957,21,200,180,189,213,108
1957,22,189,181,189,213,108
1957,23,189,181,189,213,108
1958,0,211,215,213,222,108
1958,1,206,217,213,222,108
1958,2,200,218,213,222,108
1958,3,200,219,214,222,108
1958,4,200,220,214,222,108
1958,5,200,220,214,222,108
1958,6,200,219,214,222,108
1958,7,200,217,215,222,108
1958,8,200,216,215,222,108
1958,9,200,214,215,222,108
1958,10,194,212,216,222,108
1958,11,194,210,216,222,108
1958,12,194,209,216,222,108
1958,13,194,207,216,222,108
1958,14,194,206,217,222,108
1958,15,189,204,216,222,108
1958,16,189,203,216,223,108
1958,17,178,201,216,223,108
1958,18,183,199,216,222,108
1958,19,172,197,215,222,108
1958,20,172,196,215,222,108
1958,21,161,193,215,222,108
1958,22,172,192,214,222,108
1958,23,172,191,214,222,108
1959,0,267,222,222,233,101
1959,1,256,226,222,233,101
1959,2,244,229,222,233,101
1959,3,239,232,222,233,101
1959,4,228,234,222,233,101
1959,5,217,236,222,233,101
1959,6,217,237,222,233,101
1959,7,211,238,221,233,101
1959,8,200,239,221,233,101
1959,9,189,239,221,233,101
1959,10,189,239,221,233,101
1959,11,194,240,221,233,101
1959,12,211,240,221,233,101
1959,13,233,242,221,233,101
1959,14,261,244,221,233,101
1959,15,272,246,221,233,101
1959,16,272,247,221,233,101
1959,17,289,248,221,233,101
1959,18,267,247,221,233,101
1959,19,272,246,221,233,101
1959,20,272,245,221,233,101
1959,21,267,244,221,233,101
1959,22,267,242,221,233,101
1959,23,283,242,221,233,101
1960,0,222,182,223,215,109
1960,1,211,182,223,214,109
1960,2,194,183,223,214,109
1960,3,178,183,223,214,109
1960,4,172,183,223,214,109
1960,5,167,184,222,214,109
1960,6,167,185,222,214,109
1960,7,167,186,222,214,109
1960,8,156,186,222,214,109
1960,9,150,187,222,214,109
1960,10,144,188,221,214,109
1960,11,150,188,221,214,109
1960,12,161,189,221,214,109
1960,13,183,189,221,214,109
1960,14,206,190,221,214,109
1960,15,222,191,221,214,109
1960,16,228,192,222,214,109
1960,17,244,193,222,214,109
1960,18,244,194,222,214,109
1960,19,244,195,223,214,109
1960,20,250,196,223,214,109
1960,21,261,198,223,214,109
1960,22,272,200,224,214,109
1960,23,250,202,224,214,109
1961,0,261,245,210,217,100
1961,1,256,248,210,217,100
1961,2,244,250,210,217,100
1961,3,239,252,210,217,100
1961,4,239,254,211,217,100
1961,5,239,256,211,217,100
1961,6,244,258,211,217,100
1961,7,239,260,211,217,100
1961,8,239,261,212,217,100
1961,9,239,262,212,217,100
1961,10,233,262,212,217,100
1961,11,239,263,213,217,100
1961,12,244,263,213,217,100
1961,13,261,263,213,217,100
1961,14,278,263,214,217,100
1961,15,283,264,214,217,100
1961,16,294,264,214,217,100
1961,17,306,264,214,217,100
1961,18,311,265,214,218,100
1961,19,294,264,214,218,100
1961,20,300,264,214,218,100
1961,21,289,264,214,218,100
1961,22,261,263,214,218,100
1961,23,267,262,215,218,100
1962,0,211,200,205,208,104
1962,1,200,201,205,208,104
1962,2,189,202,205,208,104
1962,3,183,202,205,208,104
1962,4,178,203,205,208,104
1962,5,178,203,205,208,104
1962,6,172,204,205,208,104
1962,7,167,204,205,208,104
1962,8,167,205,205,208,104
1962,9,167,205,205,208,104
1962,10,172,206,206,208,104
1962,11,178,208,206,208,104
1962,12,194,209,206,208,104
1962,13,211,210,206,208,104
1962,14,233,212,206,208,104
1962,15,250,213,207,208,104
1962,16,267,214,207,208,104
1962,17,278,215,207,208,104
1962,18,289,216,208,208,104
1962,19,289,217,208,208,104
1962,20,294,218,208,209,104
1962,21,289,218,208,209,104
1962,22,267,219,208,209,104
1962,23,256,220,208,209,104
1963,0,167,160,206,223,101
1963,1,167,160,206,222,101
1963,2,161,160,206,222,101
1963,3,150,160,206,222,101
1963,4,150,160,206,222,101
1963,5,144,160,206,222,101
1963,6,133,160,206,222,101
1963,7,128,160,206,221,101
1963,8,128,160,206,221,101
1963,9,128,161,205,221,101
1963,10,122,161,205,221,101
1963,11,133,161,205,221,101
1963,12,150,161,205,221,101
1963,13,172,162,205,220,101
1963,14,200,164,205,220,101
1963,15,211,165,205,220,101
1963,16,222,167,205,220,101
1963,17,233,168,205,220,101
1963,18,239,170,205,220,101
1963,19,239,172,205,220,101
1963,20,217,173,204,219,101
1963,21,228,174,204,219,101
1963,22,217,176,204,219,101
1963,23,200,177,204,219,101
1964,0,222,222,183,193,100
1964,1,217,222,183,193,100
1964,2,217,221,183,193,100
1964,3,222,221,184,194,100
1964,4,206,221,184,194,100
1964,5,194,220,184,194,100
1964,6,194,220,184,194,100
1964,7,189,220,184,194,100
1964,8,189,220,184,194,100
1964,9,189,221,184,194,100
1964,10,200,222,185,194,100
1964,11,200,222,185,194,100
1964,12,211,223,185,194,100
1964,13,228,224,186,193,100
1964,14,244,225,186,193,100
1964,15,261,226,186,193,100
1964,16,256,227,187,193,100
1964,17,256,228,187,193,100
1964,18,261,229,187,193,100
1964,19,200,225,187,193,100
1964,20,183,221,187,193,100
1964,21,200,218,187,193,100
1964,22,194,215,187,192,100
1964,23,206,214,187,192,100
1965,0,206,,,,
1965,1,198,,,,
1965,2,,,,,
1965,3,183,,,,
1965,4,178,,,,
1965,5,,,,,
1965,6,167,,,,
1965,7,163,,,,
1965,8,,,,,
1965,9,156,,,,
1965,10,158,,,,
1965,11,,,,,
1965,12,161,,,,
1965,13,163,,,,
1965,14,,,,,
1965,15,167,,,,
1965,16,165,,,,
1965,17,,,,,
1965,18,161,,,,
1965,19,161,,,,
1965,20,,,,,
1965,21,161,,,,
1965,22,157,,,,
1965,23,,,,,
1966,0,222,,,,
1966,1,217,,,,
1966,2,,,,,
1966,3,206,,,,
1966,4,200,,,,
1966,5,,,,,
1966,6,189,,,,
1966,7,185,,,,
1966,8,,,,,
1966,9,178,,,,
1966,10,185,,,,
1966,11,,,,,
1966,12,200,,,,
1966,13,213,,,,
1966,14,,,,,
1966,15,239,,,,
1966,16,245,,,,
1966,17,,,,,
1966,18,256,,,,
1966,19,258,,,,
1966,20,,,,,
1966,21,261,,,,
1966,22,254,,,,
1966,23,,,,,
1967,0,172,,,,
1967,1,170,,,,
1967,2,,,,,
1967,3,167,,,,
1967,4,165,,,,
1967,5,,,,,
1967,6,161,,,,
1967,7,163,,,,
1967,8,,,,,
1967,9,167,,,,
1967,10,167,,,,
1967,11,,,,,
1967,12,167,,,,
1967,13,169,,,,
1967,14,,,,,
1967,15,172,,,,
1967,16,176,,,,
1967,17,,,,,
1967,18,183,,,,
1967,19,187,,,,
1967,20,,,,,
1967,21,194,,,,
1967,22,189,,,,
1967,23,,,,,
1968,0,289,,,,
1968,1,282,,,,
1968,2,,,,,
1968,3,267,,,,
1968,4,258,,,,
1968,5,,,,,
1968,6,239,,,,
1968,7,235,,,,
1968,8,,,,,
1968,9,228,,,,
1968,10,226,,,,
1968,11,,,,,
1968,12,222,,,,
1968,13,231,,,,
1968,14,,,,,
1968,15,250,,,,
1968,16,257,,,,
1968,17,,,,,
1968,18,272,,,,
1968,19,268,,,,
1968,20,,,,,
1968,21,261,,,,
1968,22,254,,,,
1968,23,,,,,
1969,0,294,276,232,236,
1969,1,211,274,232,236,
1969,2,200,272,231,236,
1969,3,194,270,231,236,
1969,4,194,268,230,236,
1969,5,183,266,230,236,
1969,6,189,263,230,236,
1969,7,200,261,230,236,
1969,8,194,260,229,236,
1969,9,183,258,229,236,
1969,10,178,257,229,236,
1969,11,178,255,228,236,
1969,12,194,253,228,236,
1969,13,200,250,228,236,
1969,14,194,246,227,236,
1969,15,194,241,227,236,
1969,16,200,236,226,236,
1969,17,200,230,226,236,
1969,18,206,225,225,236,
1969,19,206,220,224,236,
1969,20,200,214,224,236,
1969,21,200,209,223,236,
1969,22,189,204,222,236,
1969,23,183,199,222,236,
1970,0,244,221,217,238,105
1970,1,222,221,217,238,105
1970,2,222,222,217,238,105
1970,3,217,222,217,238,105
1970,4,211,223,217,238,105
1970,5,211,224,217,238,105
1970,6,206,225,217,238,105
1970,7,200,226,217,238,105
1970,8,194,227,217,238,105
1970,9,200,228,217,238,105
1970,10,194,229,217,238,105
1970,11,189,230,217,238,105
1970,12,206,231,217,238,105
1970,13,228,231,217,238,105
1970,14,256,233,218,238,105
1970,15,272,234,218,238,105
1970,16,283,235,218,237,105
1970,17,289,236,219,237,105
1970,18,294,237,219,237,105
1970,19,300,238,219,237,105
1970,20,294,239,220,237,105
1970,21,294,240,220,237,105
1970,22,261,239,220,237,105
1970,23,250,239,221,237,105
1971,0,172,180,224,230,99
1971,1,167,179,224,230,99
1971,2,178,179,224,230,99
1971,3,189,179,223,230,99
1971,4,178,179,223,230,99
1971,5,183,181,223,230,99
1971,6,178,182,223,230,99
1971,7,189,184,223,230,99
1971,8,189,186,223,230,99
1971,9,178,188,223,230,99
1971,10,183,190,223,230,99
1971,11,172,191,223,230,99
1971,12,200,194,223,230,99
1971,13,206,195,223,230,99
1971,14,217,197,223,230,99
1971,15,222,198,222,230,99
1971,16,217,198,222,230,99
1971,17,222,198,222,230,99
1971,18,228,198,221,230,99
1971,19,228,197,221,230,99
1971,20,222,196,220,229,99
1971,21,217,196,220,229,99
1971,22,200,196,219,229,99
1971,23,189,197,219,229,99
1972,0,272,220,223,211,106
1972,1,261,222,223,211,106
1972,2,267,224,223,211,106
1972,3,261,226,224,211,106
1972,4,261,228,224,211,106
1972,5,256,230,224,211,106
1972,6,250,232,225,211,106
1972,7,250,234,225,211,106
1972,8,256,237,225,211,106
1972,9,250,239,225,211,106
1972,10,250,241,226,211,106
1972,11,244,244,226,211,106
1972,12,261,246,226,211,106
1972,13,267,249,226,211,106
1972,14,283,252,227,211,106
1972,15,300,255,227,212,106
1972,16,289,258,227,212,106
1972,17,267,260,228,212,106
1972,18,261,261,228,212,106
1972,19,261,262,228,212,106
1972,20,256,262,228,212,106
1972,21,239,262,228,212,106
1972,22,228,260,228,212,106
1972,23,217,259,228,212,106
1973,0,217,202,193,226,109
1973,1,206,202,193,226,109
1973,2,206,203,193,226,109
1973,3,200,203,193,226,109
1973,4,194,204,193,226,109
1973,5,200,204,193,226,109
1973,6,200,205,193,226,109
1973,7,200,207,193,226,109
1973,8,200,208,193,226,109
1973,9,200,209,193,226,109
1973,10,194,210,193,226,109
1973,11,200,212,194,226,109
1973,12,206,213,194,226,109
1973,13,228,214,194,226,109
1973,14,244,216,194,226,109
1973,15,267,218,195,226,109
1973,16,283,221,195,226,109
1973,17,294,224,196,226,109
1973,18,300,228,196,226,109
1973,19,283,230,196,226,109
1973,20,272,230,197,226,109
1973,21,256,230,197,226,109
1973,22,250,230,197,226,109
1973,23,233,231,197,226,109
1974,0,189,212,221,221,108
1974,1,183,209,221,221,108
1974,2,183,206,221,221,108
1974,3,183,203,221,221,108
1974,4,178,201,220,221,108
1974,5,178,199,220,221,108
1974,6,178,198,220,221,108
1974,7,172,196,220,221,108
1974,8,167,195,219,221,108
1974,9,161,194,219,221,108
1974,10,161,193,219,221,108
1974,11,167,193,219,220,108
1974,12,189,193,219,221,108
1974,13,200,193,219,221,108
1974,14,206,192,218,221,108
1974,15,211,191,218,221,108
1974,16,217,191,218,221,108
1974,17,217,191,218,221,108
1974,18,217,191,217,221,108
1974,19,217,191,217,221,108
1974,20,211,191,217,221,108
1974,21,200,191,217,221,108
1974,22,200,191,216,221,108
1974,23,189,191,216,221,108
1975,0,194,191,210,233,110
1975,1,194,192,209,233,110
1975,2,194,193,209,233,110
1975,3,194,194,209,233,110
1975,4,194,194,209,233,110
1975,5,194,195,209,233,110
1975,6,194,196,209,233,110
1975,7,189,197,209,233,110
1975,8,189,197,209,233,110
1975,9,183,198,209,233,110
1975,10,183,198,209,233,110
1975,11,189,198,209,233,110
1975,12,189,199,209,233,110
1975,13,194,199,209,233,110
1975,14,206,199,209,233,110
1975,15,222,199,209,233,110
1975,16,228,200,209,233,110
1975,17,244,201,209,233,110
1975,18,250,202,209,233,110
1975,19,256,204,209,233,110
1975,20,250,206,209,233,110
1975,21,250,208,209,233,110
1975,22,239,209,209,233,110
1975,23,239,211,209,233,110
1976,0,222,231,234,220,119
1976,1,228,232,235,220,119
1976,2,217,233,235,220,119
1976,3,211,234,235,220,119
1976,4,211,234,236,220,119
1976,5,206,235,236,220,119
1976,6,211,236,236,220,119
1976,7,200,237,237,220,119
1976,8,200,238,237,220,119
1976,9,200,238,237,220,119
1976,10,189,239,238,220,119
1976,11,200,239,238,220,119
1976,12,211,240,238,220,119
1976,13,233,240,238,220,119
1976,14,239,240,239,220,119
1976,15,239,239,239,220,119
1976,16,244,238,239,220,119
1976,17,250,236,239,220,119
1976,18,250,234,239,220,119
1976,19,256,232,240,220,119
1976,20,250,229,240,220,119
1976,21,250,227,240,220,119
1976,22,256,225,241,220,119
1976,23,250,226,241,220,119
1977,0,200,189,194,222,106
1977,1,194,189,194,222,106
1977,2,189,189,194,222,106
1977,3,178,189,194,222,106
1977,4,172,189,194,222,106
1977,5,161,189,194,222,106
1977,6,150,189,194,222,106
1977,7,144,188,193,222,106
1977,8,150,188,193,222,106
1977,9,139,188,193,222,106
1977,10,133,188,193,222,106
1977,11,139,188,193,222,106
1977,12,161,188,193,222,106
1977,13,183,188,193,222,106
1977,14,200,188,193,222,106
1977,15,206,188,193,222,106
1977,16,206,187,193,222,106
1977,17,222,187,194,222,106
1977,18,233,187,194,222,106
1977,19,239,187,194,222,106
1977,20,244,188,194,222,106
1977,21,244,189,194,222,106
1977,22,217,188,195,222,106
1977,23,189,187,195,222,106
1978,0,167,151,207,219,106
1978,1,167,152,207,219,106
1978,2,172,153,206,219,106
1978,3,156,154,206,219,106
1978,4,150,154,206,219,106
1978,5,150,154,205,219,106
1978,6,150,155,205,219,106
1978,7,144,155,204,219,106
1978,8,150,156,204,219,106
1978,9,150,156,204,219,106
1978,10,150,157,204,219,106
1978,11,150,158,204,219,106
1978,12,150,159,203,219,106
1978,13,150,160,203,219,106
1978,14,161,160,202,219,106
1978,15,172,161,202,218,106
1978,16,172,161,202,218,106
1978,17,189,162,201,218,106
1978,18,189,162,201,218,106
1978,19,189,163,201,218,106
1978,20,189,164,200,218,106
1978,21,194,165,200,218,106
1978,22,194,166,200,217,106
1978,23,194,167,200,217,106
1979,0,261,252,201,216,105
1979,1,239,252,201,216,105
1979,2,239,253,201,216,105
1979,3,239,253,202,216,105
1979,4,244,254,202,216,105
1979,5,239,254,203,216,105
1979,6,239,254,203,216,105
1979,7,233,254,204,216,105
1979,8,222,254,204,216,105
1979,9,222,253,205,216,105
1979,10,211,252,205,216,105
1979,11,211,251,205,216,105
1979,12,211,249,206,216,105
1979,13,217,248,206,216,105
1979,14,233,247,206,216,105
1979,15,250,247,207,216,105
1979,16,250,247,207,216,105
1979,17,250,246,208,216,105
1979,18,256,246,208,216,105
1979,19,261,244,209,216,105
1979,20,267,243,209,216,105
1979,21,250,242,209,216,105
1979,22,239,240,210,216,105
1979,23,233,238,210,216,105
1980,0,200,227,194,230,107
1980,1,200,226,194,230,107
1980,2,194,224,194,230,107
1980,3,194,222,194,230,107
1980,4,189,219,194,230,107
1980,5,183,218,193,230,107
1980,6,178,217,193,230,107
1980,7,178,215,193,230,107
1980,8,172,213,193,230,107
1980,9,172,212,193,230,107
1980,10,183,211,193,230,107
1980,11,189,210,193,230,107
1980,12,206,209,193,230,107
1980,13,228,209,193,230,107
1980,14,250,208,194,230,107
1980,15,278,210,194,230,107
1980,16,267,211,195,230,107
1980,17,289,213,195,230,107
1980,18,294,215,196,230,107
1980,19,278,217,196,230,107
1980,20,278,219,197,229,107
1980,21,272,221,197,229,107
1980,22,294,224,198,229,107
1980,23,289,227,198,229,107
1981,0,150,169,200,222,106
1981,1,139,165,199,222,106
1981,2,139,162,199,222,106
1981,3,133,160,198,222,106
1981,4,133,157,198,222,106
1981,5,128,155,198,222,106
1981,6,122,152,197,221,106
1981,7,117,150,197,221,106
1981,8,117,149,197,221,106
1981,9,111,147,197,221,106
1981,10,106,145,196,221,106
1981,11,117,145,196,221,106
1981,12,144,145,196,220,105
1981,13,172,146,196,220,105
1981,14,194,148,195,220,105
1981,15,211,150,195,220,105
1981,16,228,152,195,220,105
1981,17,233,155,196,220,105
1981,18,217,157,196,220,105
1981,19,222,158,196,220,105
1981,20,222,160,196,220,105
1981,21,222,163,196,220,105
1981,22,211,164,196,219,105
1981,23,200,166,196,219,105
1982,0,211,204,203,217,98
1982,1,206,203,203,217,98
1982,2,206,203,203,217,98
1982,3,206,203,203,216,98
1982,4,200,202,203,216,98
1982,5,194,201,203,216,98
1982,6,189,200,204,216,98
1982,7,189,199,204,216,98
1982,8,183,199,204,216,98
1982,9,172,198,204,216,98
1982,10,167,197,204,216,98
1982,11,167,196,204,216,98
1982,12,183,196,204,216,98
1982,13,200,196,204,216,98
1982,14,217,197,203,216,98
1982,15,233,198,203,216,98
1982,16,250,200,203,216,98
1982,17,261,202,203,216,98
1982,18,267,205,203,216,98
1982,19,272,209,203,216,98
1982,20,272,212,203,216,98
1982,21,272,215,203,216,98
1982,22,272,217,203,216,98
1982,23,267,219,203,216,98
1983,0,211,204,235,232,117
1983,1,206,204,235,232,117
1983,2,200,205,235,232,117
1983,3,200,205,235,232,117
1983,4,194,206,235,232,117
1983,5,189,207,235,231,117
1983,6,189,207,235,231,117
1983,7,183,208,235,231,117
1983,8,183,209,235,231,117
1983,9,183,210,235,231,117
1983,10,183,211,234,231,117
1983,11,183,212,234,231,117
1983,12,206,212,234,231,117
1983,13,222,213,234,231,117
1983,14,239,213,234,231,117
1983,15,267,214,234,231,117
1983,16,283,216,234,231,117
1983,17,294,218,234,231,117
1983,18,300,221,234,231,117
1983,19,300,224,234,231,117
1983,20,306,227,234,231,117
1983,21,294,230,233,231,117
1983,22,289,231,233,231,117
1983,23,267,232,233,231,117
1984,0,194,195,210,228,108
1984,1,189,195,210,228,108
1984,2,183,194,210,228,108
1984,3,183,194,210,228,108
1984,4,178,193,210,228,108
1984,5,167,192,209,228,108
1984,6,161,191,209,227,108
1984,7,156,190,209,227,108
1984,8,150,189,209,227,108
1984,9,150,188,209,227,108
1984,10,150,188,209,227,108
1984,11,150,188,208,227,108
1984,12,167,187,208,227,108
1984,13,189,187,208,227,108
1984,14,211,188,208,227,108
1984,15,211,187,208,227,108
1984,16,233,188,208,227,108
1984,17,250,189,208,228,108
1984,18,261,191,209,228,108
1984,19,261,193,209,228,108
1984,20,256,195,209,228,108
1984,21,256,196,209,228,108
1984,22,244,198,209,228,108
1984,23,217,199,210,228,108
1985,0,189,193,199,217,106
1985,1,189,192,199,217,106
1985,2,194,191,199,217,106
1985,3,194,191,199,217,106
1985,4,194,191,199,217,106
1985,5,194,190,199,217,106
1985,6,189,190,199,217,106
1985,7,189,190,199,217,106
1985,8,183,190,199,216,106
1985,9,183,190,199,216,106
1985,10,183,190,199,216,106
1985,11,183,190,199,216,106
1985,12,183,189,199,216,106
1985,13,183,189,199,216,106
1985,14,189,189,199,216,106
1985,15,189,188,199,216,106
1985,16,194,189,199,216,106
1985,17,200,189,199,216,106
1985,18,206,190,199,216,106
1985,19,206,190,199,216,106
1985,20,206,191,199,216,106
1985,21,200,192,200,216,106
1985,22,189,192,200,216,106
1985,23,183,191,199,216,106
1986,0,211,180,193,214,105
1986,1,194,182,193,214,105
1986,2,189,183,193,213,105
1986,3,183,184,193,213,105
1986,4,172,185,193,213,105
1986,5,167,186,193,213,105
1986,6,156,186,193,213,105
1986,7,156,186,193,213,105
1986,8,150,186,192,213,105
1986,9,139,186,192,213,105
1986,10,139,185,192,213,105
1986,11,144,185,192,213,105
1986,12,150,184,191,212,105
1986,13,161,184,191,212,105
1986,14,189,185,191,212,105
1986,15,206,186,191,212,105
1986,16,233,188,192,212,105
1986,17,250,190,192,212,105
1986,18,272,191,192,212,105
1986,19,272,193,193,212,105
1986,20,267,195,193,212,105
1986,21,261,196,193,212,105
1986,22,250,197,193,212,105
1986,23,239,198,194,212,105
1987,0,222,190,219,220,100
1987,1,217,192,219,220,100
1987,2,217,193,218,220,100
1987,3,206,194,218,220,100
1987,4,194,195,217,220,100
1987,5,183,196,217,220,100
1987,6,167,196,217,220,100
1987,7,156,197,216,220,100
1987,8,161,197,216,220,100
1987,9,156,198,216,220,100
1987,10,161,199,215,220,100
1987,11,156,200,215,220,100
1987,12,178,201,215,220,100
1987,13,194,202,214,220,100
1987,14,206,202,214,220,100
1987,15,222,203,214,220,100
1987,16,200,202,213,220,100
1987,17,206,201,213,219,100
1987,18,194,199,213,219,100
1987,19,200,198,212,219,100
1987,20,189,195,212,219,100
1987,21,194,193,211,219,100
1987,22,183,191,211,219,100
1987,23,172,189,210,219,100
1988,0,211,190,181,243,108
1988,1,211,191,181,243,108
1988,2,200,192,181,243,108
1988,3,194,192,181,243,108
1988,4,189,192,181,243,108
1988,5,189,193,181,243,108
1988,6,189,194,181,243,108
1988,7,189,195,182,243,108
1988,8,194,196,182,243,108
1988,9,189,197,182,243,108
1988,10,194,198,183,242,108
1988,11,200,199,183,242,108
1988,12,217,201,183,242,108
1988,13,228,204,183,243,108
1988,14,250,206,184,243,108
1988,15,272,210,184,243,108
1988,16,283,213,185,243,108
1988,17,283,215,185,243,108
1988,18,294,218,185,243,108
1988,19,300,222,186,243,108
1988,20,294,225,186,243,108
1988,21,283,228,187,243,108
1988,22,272,230,187,243,108
1988,23,256,233,187,243,108
1989,0,155,173,219,222,106
1989,1,155,174,219,222,106
1989,2,161,175,219,222,106
1989,3,161,175,219,222,106
1989,4,161,177,219,222,106
1989,5,155,178,219,222,106
1989,6,155,179,219,221,106
1989,7,167,180,219,221,106
1989,8,178,180,219,221,106
1989,9,194,181,219,221,106
1989,10,200,182,218,221,106
1989,11,200,183,218,221,106
1989,12,216,184,218,221,106
1989,13,222,185,218,220,106
1989,14,228,185,218,220,106
1989,15,233,186,219,220,106
1989,16,233,187,219,220,106
1989,17,222,187,219,220,106
1989,18,216,188,219,220,106
1989,19,200,188,219,220,105
1989,20,183,188,219,219,105
1989,21,178,188,219,219,105
1989,22,161,188,219,219,105
1989,23,155,187,218,219,105
1990,0,200,196,183,221,103
1990,1,189,195,182,221,103
1990,2,200,196,182,221,103
1990,3,194,196,182,221,103
1990,4,194,196,181,221,103
1990,5,194,197,181,221,103
1990,6,194,197,181,221,103
1990,7,183,197,180,221,103
1990,8,189,197,180,221,103
1990,9,189,197,180,221,103
1990,10,189,196,180,221,103
1990,11,194,196,180,221,103
1990,12,200,196,180,221,103
1990,13,211,197,180,221,103
1990,14,217,198,180,221,103
1990,15,239,200,181,221,103
1990,16,261,202,182,221,103
1990,17,272,205,182,221,103
1990,18,283,209,183,221,103
1990,19,272,211,184,221,103
1990,20,267,214,184,221,103
1990,21,267,217,185,221,103
1990,22,256,219,186,221,103
1990,23,244,221,186,221,103
1991,0,150,167,197,224,123
1991,1,150,166,196,224,123
1991,2,150,165,196,224,123
1991,3,150,165,195,224,123
1991,4,144,164,195,224,123
1991,5,150,164,194,224,123
1991,6,156,164,193,224,123
1991,7,156,164,193,224,123
1991,8,156,164,193,224,123
1991,9,150,165,192,224,123
1991,10,150,165,192,223,123
1991,11,150,165,191,223,123
1991,12,156,165,191,223,123
1991,13,172,164,191,223,123
1991,14,194,165,191,223,123
1991,15,222,167,191,223,123
1991,16,239,169,191,223,123
1991,17,250,171,191,223,123
1991,18,261,174,192,223,123
1991,19,267,178,192,224,123
1991,20,267,181,192,224,123
1991,21,261,185,193,224,123
1991,22,256,188,193,224,123
1991,23,244,192,193,224,123
1992,0,239,242,219,207,103
1992,1,239,242,219,207,103
1992,2,256,243,220,207,103
1992,3,244,244,220,207,103
1992,4,239,245,221,207,103
1992,5,228,246,221,207,103
1992,6,228,247,221,208,103
1992,7,228,248,221,208,103
1992,8,222,249,222,208,103
1992,9,217,250,222,208,103
1992,10,222,251,222,208,103
1992,11,233,253,222,208,103
1992,12,233,253,222,208,103
1992,13,228,252,223,208,103
1992,14,239,252,223,208,103
1992,15,233,249,223,208,103
1992,16,244,247,222,208,103
1992,17,256,245,222,208,103
1992,18,261,243,222,208,103
1992,19,256,242,222,208,103
1992,20,256,241,222,208,103
1992,21,250,240,222,208,103
1992,22,233,239,222,208,103
1992,23,228,238,222,208,103
1993,0,306,266,216,217,106
1993,1,300,269,217,217,106
1993,2,283,271,218,217,106
1993,3,278,274,218,217,106
1993,4,278,276,218,217,106
1993,5,272,278,219,218,106
1993,6,261,280,219,218,106
1993,7,250,281,220,218,106
1993,8,244,282,220,218,106
1993,9,239,283,220,218,106
1993,10,222,283,220,218,106
1993,11,233,283,221,218,106
1993,12,244,284,221,218,106
1993,13,272,285,221,218,106
1993,14,294,286,222,219,106
1993,15,283,285,222,219,106
1993,16,294,285,223,219,106
1993,17,306,284,223,219,106
1993,18,311,283,223,219,106
1993,19,317,283,224,219,106
1993,20,333,283,225,220,106
1993,21,344,284,226,220,106
1993,22,306,283,226,220,106
1993,23,278,281,227,220,106
1994,0,211,203,198,226,106
1994,1,206,204,198,226,105
1994,2,200,205,198,226,105
1994,3,194,206,198,226,105
1994,4,189,207,198,226,105
1994,5,189,208,199,226,105
1994,6,183,209,199,225,105
1994,7,183,210,199,225,105
1994,8,183,211,199,225,105
1994,9,183,212,199,225,105
1994,10,183,213,199,225,105
1994,11,183,214,199,225,105
1994,12,194,215,199,225,105
1994,13,217,216,199,225,105
1994,14,233,216,199,225,105
1994,15,261,217,199,225,105
1994,16,261,218,200,225,105
1994,17,261,219,200,225,105
1994,18,283,220,201,225,105
1994,19,289,220,201,225,105
1994,20,278,221,202,225,105
1994,21,267,221,202,225,105
1994,22,283,223,203,225,105
1994,23,272,224,203,225,105
1995,0,211,192,217,238,113
1995,1,200,192,217,238,113
1995,2,194,191,217,238,113
1995,3,183,191,217,238,113
1995,4,178,191,217,238,113
1995,5,167,190,217,238,113
1995,6,161,190,217,238,113
1995,7,156,190,217,237,113
1995,8,150,189,217,237,113
1995,9,144,189,216,237,113
1995,10,144,189,216,237,113
1995,11,150,190,216,237,113
1995,12,167,190,216,237,113
1995,13,189,191,216,237,113
1995,14,211,192,216,236,113
1995,15,217,193,216,236,113
1995,16,217,193,216,236,113
1995,17,233,194,216,236,113
1995,18,239,194,216,236,113
1995,19,250,195,216,236,113
1995,20,244,195,216,236,113
1995,21,233,195,217,236,113
1995,22,233,196,217,236,113
1995,23,228,196,217,235,113
1996,0,222,217,226,212,102
1996,1,222,218,226,213,102
1996,2,211,218,226,213,102
1996,3,211,219,226,213,102
1996,4,206,220,226,213,102
1996,5,206,221,226,213,102
1996,6,200,221,226,213,102
1996,7,200,222,226,213,102
1996,8,200,223,226,213,102
1996,9,200,224,226,213,102
1996,10,200,225,226,213,102
1996,11,206,226,226,213,102
1996,12,222,227,226,213,102
1996,13,250,229,227,213,102
1996,14,267,231,227,213,102
1996,15,278,233,227,213,102
1996,16,272,234,228,213,102
1996,17,289,235,228,213,102
1996,18,283,236,228,213,102
1996,19,272,235,229,213,102
1996,20,256,235,229,213,102
1996,21,244,234,229,213,102
1996,22,228,233,229,213,102
1996,23,222,232,229,213,102
1997,0,183,197,190,222,106
1997,1,178,196,190,222,106
1997,2,178,195,189,222,106
1997,3,178,194,189,222,106
1997,4,183,194,189,222,106
1997,5,167,193,189,222,106
1997,6,167,193,189,221,106
1997,7,161,192,189,221,106
1997,8,156,192,189,221,106
1997,9,161,191,189,221,106
1997,10,156,191,189,221,106
1997,11,167,191,189,221,106
1997,12,178,191,189,221,106
1997,13,194,190,189,221,106
1997,14,211,190,189,221,106
1997,15,233,190,189,221,106
1997,16,239,191,189,221,106
1997,17,239,192,190,221,106
1997,18,233,192,190,221,106
1997,19,233,192,190,221,106
1997,20,233,193,190,220,106
1997,21,233,194,190,220,106
1997,22,228,195,190,220,106
1997,23,217,196,190,220,106
1998,0,267,269,220,224,111
1998,1,272,269,220,224,111
1998,2,272,269,221,224,111
1998,3,267,269,221,224,111
1998,4,267,269,222,224,111
1998,5,256,270,222,224,111
1998,6,261,270,223,224,111
1998,7,261,271,223,225,111
1998,8,228,269,224,225,111
1998,9,222,269,224,225,111
1998,10,220,268,225,225,111
1998,11,211,266,225,225,111
1998,12,217,265,225,225,111
1998,13,211,263,226,225,111
1998,14,228,261,226,225,111
1998,15,239,259,226,225,111
1998,16,261,259,226,225,111
1998,17,239,257,227,225,111
1998,18,250,256,227,225,111
1998,19,256,253,227,225,111
1998,20,272,252,228,225,111
1998,21,278,251,228,225,111
1998,22,256,249,229,225,111
1998,23,256,249,229,225,111
1999,0,244,230,199,223,115
1999,1,239,230,199,223,115
1999,2,222,230,198,223,115
1999,3,206,230,198,223,115
1999,4,206,229,198,223,115
1999,5,200,229,198,223,115
1999,6,194,229,198,223,115
1999,7,189,228,198,223,115
1999,8,183,228,198,223,115
1999,9,183,228,198,223,115
1999,10,178,228,198,223,115
1999,11,183,228,198,223,115
1999,12,183,227,198,223,115
1999,13,178,225,198,223,115
1999,14,189,222,198,223,115
1999,15,206,220,198,223,115
1999,16,194,217,198,223,115
1999,17,211,215,198,223,115
1999,18,200,212,198,223,115
1999,19,200,209,197,223,115
1999,20,200,206,197,223,115
1999,21,206,204,197,222,115
1999,22,200,202,197,222,115
1999,23,200,200,197,222,115
2000,0,211,,,207,109
2000,1,206,,,207,109
2000,2,206,,,207,109
2000,3,203,,,207,109
2000,4,197,,,207,109
2000,5,192,,,207,109
2000,6,189,,,207,109
2000,7,178,,,207,109
2000,8,175,,,207,109
2000,9,175,,,207,109
2000,10,178,,,207,109
2000,11,192,,,207,109
2000,12,200,,,207,109
2000,13,222,,,207,109
2000,14,233,,,207,109
2000,15,238,,,207,109
2000,16,247,,,207,109
2000,17,250,211,,207,109
2000,18,250,212,,208,109
2000,19,250,212,,208,109
2000,20,247,213,,208,109
2000,21,242,213,,208,109
2000,22,239,214,,208,109
2000,23,234,215,,208,109
2001,0,172,181,217,227,104
2001,1,172,180,216,227,104
2001,2,172,179,216,227,104
2001,3,170,179,216,227,104
2001,4,167,178,215,227,104
2001,5,168,178,215,227,104
2001,6,167,178,215,227,104
2001,7,161,178,214,227,104
2001,8,158,178,214,227,104
2001,9,150,178,214,227,104
2001,10,147,177,214,227,104
2001,11,160,177,213,227,104
2001,12,167,177,213,227,104
2001,13,192,177,213,227,104
2001,14,208,178,213,227,104
2001,15,225,179,212,227,104
2001,16,238,181,212,227,104
2001,17,247,182,212,227,104
2001,18,250,185,212,227,104
2001,19,258,187,212,227,104
2001,20,261,190,212,227,104
2001,21,250,192,212,227,104
2001,22,228,194,212,227,104
2001,23,214,196,212,227,104
2002,0,233,185,,249,121
2002,1,222,188,,249,121
2002,2,214,190,,249,121
2002,3,216,193,,249,121
2002,4,220,196,,249,121
2002,5,214,199,,249,121
2002,6,211,201,,249,121
2002,7,203,204,,249,121
2002,8,197,206,,249,121
2002,9,188,208,,249,121
2002,10,188,209,,249,121
2002,11,202,211,,249,121
2002,12,206,213,,249,121
2002,13,230,215,,249,121
2002,14,247,217,,249,121
2002,15,256,219,,249,121
2002,16,264,221,,249,121
2002,17,274,224,,250,121
2002,18,283,227,,250,121
2002,19,252,228,,250,121
2002,20,247,228,,250,121
2002,21,264,229,,250,121
2002,22,272,231,,250,121
2002,23,264,232,,250,121
2003,0,244,221,245,234,98
2003,1,247,222,245,234,98
2003,2,242,224,246,234,98
2003,3,236,225,246,234,98
2003,4,230,226,246,234,98
2003,5,224,228,246,234,98
2003,6,222,229,246,234,98
2003,7,206,230,246,234,98
2003,8,203,231,246,234,98
2003,9,200,232,247,234,98
2003,10,200,232,247,234,98
2003,11,205,233,247,234,98
2003,12,211,234,247,234,98
2003,13,228,235,246,234,98
2003,14,222,235,246,234,98
2003,15,225,234,246,234,98
2003,16,234,233,246,234,98
2003,17,234,232,245,234,98
2003,18,228,231,245,233,98
2003,19,230,230,245,233,98
2003,20,228,228,244,233,98
2003,21,228,227,244,233,98
2003,22,228,225,243,233,98
2003,23,234,225,243,233,98
2004,0,172,183,211,216,103
2004,1,172,183,211,216,103
2004,2,171,183,211,216,103
2004,3,172,183,210,216,103
2004,4,167,183,210,216,103
2004,5,164,183,210,216,103
2004,6,156,182,210,216,103
2004,7,144,181,209,216,103
2004,8,142,181,209,216,103
2004,9,144,181,209,216,103
2004,10,144,181,208,216,103
2004,11,155,180,208,216,103
2004,12,161,180,207,216,103
2004,13,189,180,207,216,103
2004,14,205,180,207,216,103
2004,15,206,180,207,216,103
2004,16,211,179,206,216,103
2004,17,216,179,206,216,103
2004,18,217,179,206,216,103
2004,19,228,180,205,216,103
2004,20,246,181,205,216,103
2004,21,256,183,205,216,103
2004,22,234,185,205,216,103
2004,23,219,187,205,216,103
2005,0,206,194,216,230,104
2005,1,203,195,216,230,104
2005,2,197,195,216,230,104
2005,3,194,196,216,230,104
2005,4,192,197,216,230,104
2005,5,189,197,216,230,104
2005,6,189,198,216,230,104
2005,7,183,199,216,230,104
2005,8,180,200,216,230,104
2005,9,178,201,216,230,104
2005,10,178,202,217,230,104
2005,11,192,203,217,229,104
2005,12,200,203,217,229,104
2005,13,230,204,217,229,104
2005,14,248,205,217,229,104
2005,15,256,206,218,229,104
2005,16,264,207,218,229,104
2005,17,261,209,218,229,104
2005,18,261,210,218,229,104
2005,19,258,212,219,229,104
2005,20,244,213,219,228,104
2005,21,244,215,219,228,104
2005,22,228,216,219,228,104
2005,23,225,217,219,228,104
2006,0,167,169,210,232,114
2006,1,164,169,209,232,114
2006,2,161,168,209,232,114
2006,3,161,168,209,232,114
2006,4,162,167,208,232,114
2006,5,156,166,208,231,114
2006,6,156,166,208,231,114
2006,7,147,165,208,231,114
2006,8,150,164,207,231,114
2006,9,150,163,207,231,114
2006,10,153,163,207,231,114
2006,11,162,163,207,231,114
2006,12,167,163,207,231,114
2006,13,188,164,206,231,114
2006,14,194,166,206,231,114
2006,15,194,166,206,230,114
2006,16,203,167,205,230,114
2006,17,206,169,205,230,114
2006,18,206,170,205,230,114
2006,19,200,172,204,230,114
2006,20,200,173,204,230,114
2006,21,200,174,203,230,114
2006,22,184,175,203,229,114
2006,23,175,175,203,229,114
2007,0,278,272,198,227,111
2007,1,267,273,199,227,111
2007,2,258,274,199,227,111
2007,3,250,274,199,227,111
2007,4,247,275,200,227,111
2007,5,250,276,201,227,111
2007,6,256,277,201,227,111
2007,7,238,277,202,227,111
2007,8,236,277,202,227,111
2007,9,239,278,203,227,111
2007,10,244,279,203,227,111
2007,11,253,280,204,227,111
2007,12,256,280,204,227,111
2007,13,283,281,205,227,111
2007,14,292,281,206,227,111
2007,15,289,281,206,227,111
2007,16,286,280,207,227,111
2007,17,283,277,207,227,111
2007,18,283,275,207,226,111
2007,19,283,272,208,226,111
2007,20,283,270,208,226,111
2007,21,283,268,208,226,111
2007,22,275,267,209,226,111
2007,23,270,266,209,226,111
2008,0,244,233,211,214,112
2008,1,220,233,211,214,112
2008,2,200,233,210,213,112
2008,3,189,232,210,213,112
2008,4,172,231,210,213,112
2008,5,164,229,209,213,112
2008,6,161,228,209,213,112
2008,7,156,227,209,213,112
2008,8,156,225,208,213,112
2008,9,156,223,208,213,112
2008,10,150,222,207,213,112
2008,11,156,219,207,213,112
2008,12,161,217,207,213,112
2008,13,184,215,206,213,112
2008,14,194,213,206,213,112
2008,15,200,211,205,213,112
2008,16,214,209,205,212,112
2008,17,220,206,205,212,112
2008,18,222,203,205,212,112
2008,19,230,201,205,212,112
2008,20,236,199,205,212,112
2008,21,239,198,205,212,112
2008,22,225,196,205,212,112
2008,23,216,194,205,212,112
2009,0,217,221,249,240,105
2009,1,233,222,249,240,105
2009,2,230,222,249,240,105
2009,3,228,222,248,240,105
2009,4,220,222,248,240,105
2009,5,217,223,248,240,105
2009,6,217,223,248,240,105
2009,7,211,223,248,240,105
2009,8,211,224,247,240,105
2009,9,211,224,247,239,105
2009,10,211,225,247,239,105
2009,11,220,225,247,239,105
2009,12,228,225,247,239,105
2009,13,252,226,247,239,105
2009,14,270,228,247,239,105
2009,15,278,231,247,239,105
2009,16,292,233,247,239,105
2009,17,297,235,246,239,105
2009,18,300,237,246,239,105
2009,19,294,239,246,239,105
2009,20,286,241,246,239,105
2009,21,283,244,246,239,105
2009,22,280,246,246,239,105
2009,23,275,248,245,239,105
2010,0,172,172,199,228,117
2010,1,178,172,198,228,117
2010,2,180,173,198,227,117
2010,3,183,174,198,227,117
2010,4,182,175,197,227,117
2010,5,180,176,197,227,117
2010,6,178,176,197,227,117
2010,7,178,177,197,227,117
2010,8,180,177,197,227,117
2010,9,183,178,197,227,117
2010,10,186,178,197,227,117
2010,11,198,180,197,227,117
2010,12,206,181,197,227,117
2010,13,233,183,197,227,117
2010,14,250,186,197,227,117
2010,15,256,190,197,227,117
2010,16,264,193,197,227,117
2010,17,270,197,197,227,117
2010,18,278,201,197,227,117
2010,19,280,205,197,227,117
2010,20,278,209,197,227,117
2010,21,278,213,198,227,117
2010,22,266,217,198,226,117
2010,23,252,220,198,226,117
2011,0,261,246,239,233,112
2011,1,261,248,239,233,112
2011,2,258,250,239,233,112
2011,3,256,252,239,233,112
2011,4,242,253,239,234,112
2011,5,228,254,239,234,112
2011,6,222,254,239,234,112
2011,7,220,255,239,234,112
2011,8,216,255,239,234,112
2011,9,211,255,239,234,112
2011,10,214,255,239,234,112
2011,11,222,255,239,234,112
2011,12,228,255,239,234,112
2011,13,252,254,239,234,112
2011,14,264,254,239,234,112
2011,15,267,253,239,234,112
2011,16,272,253,239,234,112
2011,17,270,252,239,234,112
2011,18,272,251,239,234,112
2011,19,270,250,239,234,112
2011,20,264,249,239,234,112
2011,21,267,248,239,234,112
2011,22,256,248,239,234,112
2011,23,239,247,239,234,112
2012,0,211,215,219,231,128
2012,1,200,215,219,231,128
2012,2,200,215,219,231,128
2012,3,200,214,219,231,128
2012,4,192,214,220,231,128
2012,5,189,214,220,231,128
2012,6,189,213,220,231,128
2012,7,189,213,220,231,128
2012,8,186,212,220,231,128
2012,9,183,211,220,231,128
2012,10,184,211,220,231,128
2012,11,198,210,220,231,128
2012,12,206,210,220,231,128
2012,13,211,210,220,231,128
2012,14,216,210,220,231,128
2012,15,222,210,220,231,128
2012,16,233,209,220,231,128
2012,17,236,209,221,231,128
2012,18,239,209,221,231,128
2012,19,236,209,221,231,128
2012,20,234,209,221,231,128
2012,21,228,209,221,231,128
2012,22,220,209,221,231,128
2012,23,212,209,221,231,128
2013,0,222,206,232,223,113
2013,1,222,208,232,223,113
2013,2,216,210,232,223,113
2013,3,211,211,232,223,113
2013,4,203,212,232,223,113
2013,5,200,213,232,223,113
2013,6,200,214,232,223,113
2013,7,203,215,232,223,113
2013,8,203,216,232,223,113
2013,9,200,218,232,223,113
2013,10,200,219,232,223,113
2013,11,203,220,232,223,113
2013,12,206,221,232,223,113
2013,13,203,220,232,223,113
2013,14,214,219,232,223,113
2013,15,222,219,232,223,113
2013,16,275,221,232,223,113
2013,17,286,222,232,223,113
2013,18,289,224,232,223,113
2013,19,270,226,232,223,113
2013,20,267,227,232,223,113
2013,21,267,229,231,223,113
2013,22,258,228,231,223,113
2013,23,253,229,231,223,113
2014,0,222,227,198,212,102
2014,1,220,227,198,212,102
2014,2,222,228,198,212,102
2014,3,222,228,198,212,102
2014,4,203,228,198,212,102
2014,5,200,228,198,212,102
2014,6,200,228,199,212,102
2014,7,192,228,199,212,102
2014,8,186,227,199,212,102
2014,9,183,227,199,212,102
2014,10,186,226,199,212,102
2014,11,198,225,199,212,102
2014,12,206,224,200,212,102
2014,13,234,223,200,212,102
2014,14,250,223,200,212,102
2014,15,261,223,201,212,102
2014,16,275,223,201,212,102
2014,17,278,224,201,212,102
2014,18,278,225,202,212,102
2014,19,275,226,202,212,102
2014,20,275,227,202,212,102
2014,21,278,229,203,212,102
2014,22,283,231,203,212,102
2014,23,258,233,204,212,102
2015,0,250,222,223,236,102
2015,1,242,223,223,236,102
2015,2,234,224,223,236,102
2015,3,228,225,223,236,102
2015,4,220,225,223,236,102
2015,5,217,225,223,236,102
2015,6,217,225,223,236,102
2015,7,216,226,223,236,102
2015,8,211,227,222,236,102
2015,9,211,227,222,236,102
2015,10,210,228,222,236,102
2015,11,216,228,222,236,102
2015,12,222,229,222,236,102
2015,13,244,230,222,236,102
2015,14,255,232,222,236,102
2015,15,261,233,222,236,102
2015,16,280,235,222,236,102
2015,17,280,238,222,236,102
2015,18,283,239,222,236,102
2015,19,286,241,222,236,102
2015,20,278,243,222,236,102
2015,21,272,244,221,236,102
2015,22,272,244,221,236,102
2015,23,258,244,221,236,102
2016,0,267,253,234,245,123
2016,1,253,253,233,245,123
2016,2,244,253,233,245,123
2016,3,239,253,233,245,123
2016,4,236,254,233,245,123
2016,5,230,254,233,245,123
2016,6,228,255,233,245,123
2016,7,230,256,232,245,123
2016,8,228,257,232,245,123
2016,9,228,258,232,245,123
2016,10,230,259,232,245,123
2016,11,238,261,232,245,123
2016,12,244,262,232,245,123
2016,13,256,262,232,245,123
2016,14,270,261,232,245,123
2016,15,272,261,232,245,123
2016,16,292,261,233,245,123
2016,17,308,261,233,245,123
2016,18,322,261,233,245,123
2016,19,316,262,234,245,123
2016,20,322,263,234,245,123
2016,21,322,263,235,245,123
2016,22,312,265,235,245,123
2016,23,303,266,236,245,123
2017,0,211,201,234,224,115
2017,1,203,202,234,224,115
2017,2,197,202,234,224,115
2017,3,194,202,233,224,115
2017,4,180,202,233,224,115
2017,5,175,201,233,224,115
2017,6,172,200,232,224,115
2017,7,158,199,232,224,115
2017,8,156,198,232,224,115
2017,9,156,197,232,224,115
2017,10,158,197,231,224,115
2017,11,166,196,231,224,115
2017,12,172,195,231,224,115
2017,13,194,195,231,224,115
2017,14,208,196,231,224,115
2017,15,217,196,231,224,115
2017,16,228,195,232,224,115
2017,17,228,195,232,224,115
2017,18,228,195,232,224,115
2017,19,220,195,232,224,115
2017,20,211,195,232,224,115
2017,21,211,194,232,224,115
2017,22,194,194,232,224,115
2017,23,184,193,232,224,114
2018,0,233,232,218,247,114
2018,1,214,231,218,247,114
2018,2,208,231,218,246,114
2018,3,206,230,218,246,114
2018,4,197,230,218,246,114
2018,5,192,229,218,246,114
2018,6,189,229,218,246,114
2018,7,180,228,218,246,114
2018,8,175,227,218,246,114
2018,9,172,226,218,246,114
2018,10,172,225,218,246,114
2018,11,183,224,218,246,114
2018,12,194,223,217,246,114
2018,13,228,223,218,246,114
2018,14,247,223,218,246,114
2018,15,250,222,218,246,114
2018,16,262,222,218,246,114
2018,17,275,222,219,246,114
2018,18,283,223,219,246,114
2018,19,286,224,219,246,114
2018,20,286,225,220,246,114
2018,21,283,225,220,245,114
2018,22,267,226,221,245,114
2018,23,250,226,221,245,114
2019,0,172,187,243,243,118
2019,1,170,187,243,243,118
2019,2,164,186,242,243,118
2019,3,161,185,242,243,118
2019,4,153,183,241,243,118
2019,5,147,182,241,242,118
2019,6,144,181,240,242,118
2019,7,142,179,239,242,118
2019,8,142,178,239,242,118
2019,9,144,177,238,242,118
2019,10,147,176,237,242,118
2019,11,161,175,237,242,118
2019,12,172,174,236,242,118
2019,13,202,174,236,242,118
2019,14,214,175,235,242,118
2019,15,217,175,235,242,118
2019,16,220,176,234,242,117
2019,17,217,177,233,241,117
2019,18,217,177,232,241,117
2019,19,214,178,232,241,117
2019,20,208,179,231,241,117
2019,21,206,179,230,241,117
2019,22,194,179,230,241,117
2019,23,186,180,229,241,117
2020,0,250,258,232,243,119
2020,1,238,258,232,243,119
2020,2,228,257,232,243,119
2020,3,222,257,232,243,119
2020,4,206,256,232,243,119
2020,5,197,254,231,243,119
2020,6,194,253,231,243,119
2020,7,180,251,231,243,119
2020,8,175,249,231,243,119
2020,9,172,247,231,243,119
2020,10,167,245,231,243,119
2020,11,170,242,231,242,119
2020,12,172,239,231,242,119
2020,13,184,235,230,242,119
2020,14,189,232,230,242,119
2020,15,189,228,230,242,119
2020,16,200,224,230,242,119
2020,17,212,220,230,241,119
2020,18,217,217,230,241,119
2020,19,234,214,230,241,119
2020,20,239,211,230,241,119
2020,21,239,208,230,241,119
2020,22,230,206,230,241,119
2020,23,220,205,230,240,119
2021,0,278,289,249,242,119
2021,1,280,289,249,242,119
2021,2,270,288,249,242,119
2021,3,261,287,249,242,119
2021,4,272,287,249,242,119
2021,5,266,287,250,242,119
2021,6,261,286,250,242,119
2021,7,250,286,250,243,119
2021,8,244,286,250,243,119
2021,9,244,285,250,243,119
2021,10,250,285,250,243,119
2021,11,270,285,250,243,119
2021,12,283,286,251,243,119
2021,13,306,286,251,243,119
2021,14,320,287,252,243,119
2021,15,328,287,252,243,119
2021,16,325,287,253,243,119
2021,17,316,287,253,243,119
2021,18,311,286,253,243,119
2021,19,334,286,253,243,119
2021,20,350,287,254,243,119
2021,21,350,289,254,243,119
2021,22,339,291,254,243,119
2021,23,330,293,255,243,119
2022,0,261,247,239,245,122
2022,1,247,248,239,245,122
2022,2,244,249,239,245,122
2022,3,244,250,239,245,122
2022,4,239,251,239,245,122
2022,5,234,251,239,245,122
2022,6,228,251,239,245,122
2022,7,220,251,239,245,122
2022,8,220,251,239,245,122
2022,9,222,250,240,245,122
2022,10,214,250,240,245,122
2022,11,222,249,240,245,122
2022,12,228,249,240,245,122
2022,13,261,249,240,245,122
2022,14,280,249,240,245,122
2022,15,289,250,239,245,122
2022,16,314,251,239,246,122
2022,17,317,253,239,246,122
2022,18,317,254,239,246,122
2022,19,306,256,239,246,122
2022,20,270,256,239,246,122
2022,21,220,255,238,246,122
2022,22,211,253,237,246,122
2022,23,220,251,237,246,122
